Sample_Name Bcell CD4T CD8T Gran Mono NK nRBC
GSM1947014_3999997072_R03C02 GSM1947014_3999997072_R03C02 0 -5.42456582237073e-20 0.362147767761781 0.0271816584300092 0.104717572055959 4.54641122502968e-20 0.618529290755505
GSM1947015_3999997114_R04C02 GSM1947015_3999997114_R04C02 0.00682017544618881 -6.93889390390723e-18 0.333065457347848 0.0250128056412723 0.12291561189071 4.06255937840027e-20 0.611119936831479
GSM1947016_3999997080_R04C02 GSM1947016_3999997080_R04C02 0 -2.15351502631781e-19 0.355668519138733 0.0370226699956827 0.0932622584336779 3.83943439005455e-20 0.636454240377633
GSM1947017_5806636028_R05C02 GSM1947017_5806636028_R05C02 0.00104056238158718 0 0.338491319942895 0.0587427461453229 0.0691606185740863 3.98959130268726e-20 0.613350066156458
GSM1947018_3999997076_R06C02 GSM1947018_3999997076_R06C02 0 -1.2473174413767e-18 0.366856830561365 0.0427192982963617 0.0816465322667295 1.03716872334283e-19 0.623197858599777
GSM1947019_6190781088_R05C01 GSM1947019_6190781088_R05C01 0 -7.87908344734504e-20 0.373734617795499 0.0312849302777849 0.0997081417982884 4.53921522564025e-20 0.621182977090377
GSM1947020_5806636083_R05C01 GSM1947020_5806636083_R05C01 0.0157540995833947 0 0.358326196712498 0.0353660969013043 0.101964379375297 3.51189896465213e-20 0.587001137382844
GSM1947021_5806636086_R01C01 GSM1947021_5806636086_R01C01 0 -1.08711503785274e-18 0.376306453930489 0.0403024058024869 0.0768103689104554 8.41203172654844e-20 0.625266500468823
GSM1947022_5806417081_R02C01 GSM1947022_5806417081_R02C01 0 -9.12705713894587e-19 0.343483757750636 0.0363761404062106 0.0971725965164802 7.72984676023701e-20 0.618087988572442
GSM1947023_5806636063_R04C01 GSM1947023_5806636063_R04C01 0 -1.21528672177047e-18 0.365819079682832 0.0369886336903103 0.0904529806265951 9.61206470549675e-20 0.612818972239862
GSM1947024_5806417009_R01C01 GSM1947024_5806417009_R01C01 0.00018684835240995 0 0.349492574190626 0.0287327982765965 0.112293004990518 2.0463144508681e-20 0.615768737268699
GSM1947025_5806417064_R06C02 GSM1947025_5806417064_R06C02 0 -5.14979683347086e-18 0.358088524174615 0.0347293706658679 0.105068776605865 2.86825077736633e-19 0.610421732354782
GSM1947026_5806636019_R06C02 GSM1947026_5806636019_R06C02 0.016735543276837 0 0.355834371542577 0.0421636317853255 0.0937187514040185 3.83961242929817e-20 0.609586356676263
GSM1947027_5806636085_R06C01 GSM1947027_5806636085_R06C01 0.0175155198838975 0 0.352261395064842 0.0285293245143106 0.10833755216459 1.28661873285834e-20 0.605789319895843
GSM1947028_5806636035_R03C02 GSM1947028_5806636035_R03C02 0 -1.59344831705092e-18 0.325962356852697 0.0478003757489958 0.104372508438796 1.16674671966689e-19 0.590526665197588
GSM1947029_5806417045_R01C02 GSM1947029_5806417045_R01C02 0.00796298911198697 0 0.356642444964544 0.0452247930099759 0.0788255948136252 2.42053091092635e-20 0.635641857307747
GSM1947030_5806417076_R02C01 GSM1947030_5806417076_R02C01 0.00141104209590586 0 0.359124619563838 0.0462931906082078 0.0798466567128177 4.92682778997021e-20 0.624881101711206
GSM1947031_5806636079_R02C02 GSM1947031_5806636079_R02C02 -8.04960629971348e-19 -9.09795945519061e-18 0.334609847391858 0.0562181304824525 0.0633906149684544 0 0.639738789734083
GSM1947032_5806417077_R05C02 GSM1947032_5806417077_R05C02 0.0153250872517841 0 0.354682018485194 0.038802131492658 0.0918460911560412 3.36855243852225e-20 0.608092272955733
GSM1947033_5859594009_R06C01 GSM1947033_5859594009_R06C01 0 -3.11175962346662e-20 0.384733534016725 0.0475779516300984 0.0692426868092659 2.29123458747792e-20 0.622549847957962
GSM1947034_5806636041_R05C01 GSM1947034_5806636041_R05C01 0.00721117323840075 0 0.356521293249085 0.0431894060331753 0.0886380262926569 2.31442327236576e-20 0.604914225114472
GSM1947035_5806636036_R01C01 GSM1947035_5806636036_R01C01 0.0048650052594735 0 0.351337938642848 0.0675509866129984 0.0633281149736299 3.1789959457752e-20 0.596070464724918
GSM1947036_5806636029_R01C02 GSM1947036_5806636029_R01C02 0.0124162846410387 0 0.366336164861656 0.0710803363671147 0.0604215874408956 4.04605512159648e-20 0.595969363103816
GSM1947037_5859594009_R04C02 GSM1947037_5859594009_R04C02 0 -1.89674295439664e-18 0.386606741440602 0.0349124096784211 0.0654620695278485 1.36615511611211e-19 0.625047093607839
GSM1947038_6008581014_R04C02 GSM1947038_6008581014_R04C02 0.0124613656645715 0 0.356892565899271 0.035757384327537 0.0839464603656729 5.55512709887162e-17 0.622746784898797
GSM1947039_5806636086_R02C02 GSM1947039_5806636086_R02C02 0.00143329680411561 0 0.378236543922676 0.044581667173356 0.0753460605260986 -5.54781018353922e-17 0.630417903672712
GSM1947040_5859594006_R01C02 GSM1947040_5859594006_R01C02 0.0194944700123163 -6.93889390390723e-18 0.361859076379217 0.0541932482001215 0.058201251930459 4.2253332033779e-20 0.615334363612034
GSM1947041_5806636059_R05C02 GSM1947041_5806636059_R05C02 0.0182744895482501 -2.14151086288803e-18 0.315211195715747 0.0440470113289921 0.0973773838511801 0 0.600941029487246
GSM1947042_5806636037_R02C02 GSM1947042_5806636037_R02C02 0.00465393251724299 0 0.369420054899061 0.023169863794375 0.0828478388634349 4.28974788229007e-20 0.633599844565347
GSM1947043_5806636061_R04C01 GSM1947043_5806636061_R04C01 0 -3.87819546761381e-19 0.34671634965341 0.0346533893018827 0.0986845211006997 5.36040487224777e-20 0.632316583727127
GSM1947044_5806636042_R04C01 GSM1947044_5806636042_R04C01 0.0112158804679179 0 0.362424736850578 0.0478587401834983 0.0900219143188598 3.16359300817464e-20 0.602467148878585
GSM1947045_5806636051_R01C02 GSM1947045_5806636051_R01C02 0.00599829291239508 0 0.363442028503712 0.0581012409020091 0.0751336913801623 3.16563778381192e-20 0.623736987557021
GSM1947046_5806636085_R05C02 GSM1947046_5806636085_R05C02 0 -5.92412764596884e-19 0.383619196377453 0.0538282484362992 0.058487644266613 7.96177173269673e-20 0.622910282962991
GSM1947047_5859594009_R02C02 GSM1947047_5859594009_R02C02 0 -1.65984284327636e-18 0.376482376661813 0.0541642253372663 0.0645242993665073 9.99255318342368e-20 0.616861468865225
GSM1947048_5806417009_R04C01 GSM1947048_5806417009_R04C01 0 -1.5476533982734e-18 0.379772874940986 0.0415419442886456 0.0815233360987354 5.56157218439117e-17 0.619796835634295
GSM1947073_5806636039_R05C01 GSM1947073_5806636039_R05C01 0.0171845933745502 0 0.366127250280739 0.039906315195007 0.0849014795653092 2.1385714403298e-20 0.604842229314139
GSM1947074_5806636086_R03C02 GSM1947074_5806636086_R03C02 -1.73472347597681e-18 -2.06296071939124e-18 0.368527345942097 0.0524992649479022 0.072465660371404 1.38619128541092e-19 0.628139770068207
GSM1947075_5859594028_R06C02 GSM1947075_5859594028_R06C02 0.00609799380062166 0 0.355783027231383 0.0544877472335805 0.0635018585135287 4.55366792011509e-20 0.618122572131981
GSM1947076_5859720029_R03C01 GSM1947076_5859720029_R03C01 0 -3.19880593253573e-19 0.358555597584891 0.0460464832080329 0.0859766380310385 4.27698794077721e-20 0.617027768062971
GSM1947077_6008581005_R06C01 GSM1947077_6008581005_R06C01 0.00469661770098742 0 0.361884243289094 0.0543384457885562 0.0657541193130023 5.23559626067259e-20 0.599043664452711
GSM1947078_6008581005_R03C02 GSM1947078_6008581005_R03C02 0 -5.92822693690074e-19 0.357310417624916 0.0435110952467602 0.076566485770782 6.06764033070799e-20 0.629867927179903
GSM1947079_5806636028_R01C01 GSM1947079_5806636028_R01C01 0 -3.01886170242085e-19 0.358744401058337 0.0623886819098268 0.0637393185196423 5.82472073567781e-20 0.607611517468386
GSM1947080_5859594028_R06C01 GSM1947080_5859594028_R06C01 0 6.82233473490232e-18 0.358236016233507 0.0636440133902166 0.0706335274047278 3.93501176059741e-20 0.609599878571052
GSM1947081_5806636079_R03C02 GSM1947081_5806636079_R03C02 0 -8.95986102678194e-18 0.31542005860309 0.0431425235528396 0.0843734983050705 -1.63415786547957e-18 0.625554465786571
GSM1947082_5806417045_R03C02 GSM1947082_5806417045_R03C02 0 -8.36047391949707e-20 0.359942014161804 0.0370811302793359 0.0990056590450424 5.09414298845495e-20 0.612726911447405
GSM1947083_5806417045_R04C01 GSM1947083_5806417045_R04C01 0 -9.10158722496908e-19 0.367809530762143 0.0428722575807114 0.098592285900698 8.25591748001233e-20 0.606123893914274
GSM1947084_5806636026_R05C02 GSM1947084_5806636026_R05C02 0 -1.81221048177636e-18 0.336757946925834 0.0331554413394548 0.116219150564157 1.27283400969656e-19 0.626545013038542
GSM1947085_6008581014_R06C01 GSM1947085_6008581014_R06C01 0 -1.57176215062909e-19 0.356337892162007 0.0367617885211081 0.0973763454899427 4.67157596968937e-20 0.613652513128346
GSM1947086_5806636042_R03C01 GSM1947086_5806636042_R03C01 0 -7.60297612380383e-18 0.382049138110489 0.0285390702311027 0.0898724443853599 6.55068132981036e-20 0.62063115283321
GSM1947087_5806636041_R06C01 GSM1947087_5806636041_R06C01 0.00389991491150256 0 0.375491704637134 0.0621301324023765 0.0534385519763577 3.26550658972711e-20 0.613811725360579
GSM1947088_5806636086_R03C01 GSM1947088_5806636086_R03C01 0 -1.72201366931044e-18 0.356242347800203 0.0339442850164482 0.0976709241451693 1.17967166171771e-19 0.632337960970594
GSM1947089_5806636039_R06C02 GSM1947089_5806636039_R06C02 0.0221969893226542 0 0.375570440585847 0.0370693002136263 0.065388139631971 2.67920862521249e-20 0.617599823310394
GSM1947090_6190781088_R05C02 GSM1947090_6190781088_R05C02 0.0150965678066752 0 0.35636918440448 0.0112241220167932 0.106843467413504 1.63807276341485e-20 0.629609643478222
GSM1947091_5859594009_R05C01 GSM1947091_5859594009_R05C01 0.0181784887779375 0 0.358062982048238 0.0448861513022267 0.0690532016095813 2.81764028767349e-20 0.612361405093342
GSM1947092_6008581008_R03C01 GSM1947092_6008581008_R03C01 0.00662532523280827 0 0.33832044984694 0.038494539856915 0.0909492590559882 3.47012862926177e-20 0.617411395339397
GSM1947093_5806636038_R03C02 GSM1947093_5806636038_R03C02 0.00240078234219206 0 0.366027869933973 0.0379736392644269 0.0942890506434002 1.95822158807509e-20 0.622986403371681
GSM1947094_6008581005_R01C02 GSM1947094_6008581005_R01C02 0.0123688250065271 0 0.356655561858322 0.0348346505783498 0.0979417506260905 3.77558559757531e-20 0.606503863637218
GSM1947095_6008581003_R04C01 GSM1947095_6008581003_R04C01 0.00324783220952695 0 0.355938643336397 0.0533589643384393 0.0730755627650092 3.74670275649969e-20 0.618425509144194
GSM1947096_5806636085_R03C01 GSM1947096_5806636085_R03C01 0 4.06327312296971e-18 0.371244766079827 0.0499465696921869 0.0767068782626718 1.70958865801309e-19 0.63419008428468
GSM1947097_5806417077_R02C01 GSM1947097_5806417077_R02C01 0.000326390815855256 -6.93889390390723e-18 0.360900373190223 0.0418490702981809 0.0875917025215755 3.75964689850756e-20 0.625270259895829
GSM1947098_5806636038_R05C01 GSM1947098_5806636038_R05C01 0 -1.01154797005229e-18 0.368111751422714 0.032737412468322 0.09236484921994 7.49620125960704e-20 0.625760563632518
GSM1947099_5859720029_R05C02 GSM1947099_5859720029_R05C02 0.000461712094915795 0 0.361332372352055 0.0400111005841347 0.0928521339031618 3.26888237017736e-20 0.623042768568531
GSM1947100_6008581009_R04C02 GSM1947100_6008581009_R04C02 0 -9.55487746435436e-20 0.348376236300937 0.0572001206763797 0.0707200002917653 5.91490427377435e-20 0.617344568898363
GSM1947101_6008581008_R06C01 GSM1947101_6008581008_R06C01 0.000239926809948038 0 0.34714167654143 0.0563053419526694 0.091951198822315 4.69107207009397e-20 0.608440877050457
GSM1947102_5806636039_R05C02 GSM1947102_5806636039_R05C02 0.00517816670186439 0 0.37282882219325 0.0479229468252474 0.0647239953238609 5.55366872185842e-17 0.633398607572243
GSM1947103_5806636059_R04C01 GSM1947103_5806636059_R04C01 -6.7762635780344e-21 -1.58403292607599e-18 0.315165466388336 0.084238769926498 0.077807229252454 -5.15769559001762e-21 0.598872752024882
GSM1947104_5859720012_R01C02 GSM1947104_5859720012_R01C02 0 5.7707411384386e-18 0.381620082640721 0.0422465505919818 0.0730052072417238 9.52836783002659e-20 0.638827221733778
GSM1947105_5806417064_R01C01 GSM1947105_5806417064_R01C01 0 -9.91825526937544e-19 0.358902471914381 0.0522196369968887 0.0920114944920833 -5.54431353421448e-17 0.584812789850592
GSM1947106_5806636059_R02C02 GSM1947106_5806636059_R02C02 0 -5.24133282704225e-19 0.329923256333539 0.0386978128933021 0.0931688121296158 7.36164936413998e-20 0.626458573643477
GSM1947107_5806636030_R04C02 GSM1947107_5806636030_R04C02 0 -2.30622038717656e-18 0.366937784820536 0.0295064065066164 0.093218880398274 1.53301153284227e-19 0.632182855527911
GSM1947108_5806636085_R02C01 GSM1947108_5806636085_R02C01 0.00347257810582889 0 0.371006869042618 0.0354160421743588 0.0904073927720732 3.34610762166859e-20 0.628028844793155
GSM1947109_6008581009_R04C01 GSM1947109_6008581009_R04C01 0 -1.30647181917868e-18 0.352659009827692 0.0282570820918176 0.0900626579916391 1.06380191409472e-19 0.637422641117748
GSM1947110_5806636086_R02C01 GSM1947110_5806636086_R02C01 0.0187116901928678 0 0.356326772427928 0.0370136541502231 0.103113642726273 2.32100920135967e-20 0.60290571669989
GSM1947111_6190781088_R04C01 GSM1947111_6190781088_R04C01 0 -5.17445911419673e-19 0.373829744269032 0.0366857878498689 0.0905875052031048 4.70289365288209e-20 0.621498538466886
GSM1947112_5806636034_R06C01 GSM1947112_5806636034_R06C01 0 -1.07753087981807e-18 0.356192301909539 0.0539569826413685 0.0727779365981572 9.20547429533518e-20 0.61875156040003
GSM1947113_3999997076_R01C01 GSM1947113_3999997076_R01C01 0 -1.84810449304027e-18 0.375400083928467 0.0501886606413601 0.0578980677670784 1.25624810669785e-19 0.638515481186251
GSM1947114_5806636030_R03C02 GSM1947114_5806636030_R03C02 0 -8.86788840915294e-18 0.37451557745617 0.0426088603976932 0.0885107183906814 1.25461326408637e-19 0.615563179038835
GSM1947115_5806636030_R02C02 GSM1947115_5806636030_R02C02 0.00783559447247213 0 0.365271630941702 0.0366178344867849 0.0933317171068546 3.79011698149252e-20 0.604220763505627
GSM1947116_5806636029_R04C02 GSM1947116_5806636029_R04C02 0.00673415276839865 3.46944695195361e-18 0.374018107846615 0.0530929280532981 0.0694012742176545 1.97749251665483e-20 0.608154115870764
GSM1947117_6008581008_R03C02 GSM1947117_6008581008_R03C02 0.00217367833188163 0 0.364663245352666 0.0498585355494914 0.0824832965900299 3.25491178596634e-20 0.61292657140604
GSM1947118_5806636090_R03C01 GSM1947118_5806636090_R03C01 0 -1.15299611216852e-17 0.31788024893736 0.056245019914899 0.0816598613382605 -2.36988725184277e-18 0.619100510134942
GSM1947119_5806636035_R05C02 GSM1947119_5806636035_R05C02 0 -1.89363976709194e-18 0.354778228794235 0.0736502469078765 0.0469342884896716 1.39722803115572e-19 0.625251812516346
GSM1947120_5859720012_R06C02 GSM1947120_5859720012_R06C02 0.00840482288367456 0 0.34168545244289 0.0926247843333735 0.0669092384988041 3.66149082394381e-20 0.588570195901344
GSM1947121_5859594028_R03C02 GSM1947121_5859594028_R03C02 0 -8.47466541397163e-19 0.375176292362723 0.0475460609439251 0.0798947040968359 8.23513257666889e-20 0.602854359237298
GSM1947122_5806417081_R03C01 GSM1947122_5806417081_R03C01 0 -1.40028462249654e-18 0.349977299633751 0.0324952713166456 0.0926957790907289 1.22799439969162e-19 0.625942575687806
GSM1947123_5806417076_R05C01 GSM1947123_5806417076_R05C01 0 -1.93347495987498e-18 0.360775092480781 0.04555618437711 0.0821362762854574 1.3273917201156e-19 0.622464925856224
GSM1947124_6008581008_R01C01 GSM1947124_6008581008_R01C01 0.00768128298537475 0 0.369151764392551 0.0451437517799761 0.0819881087272137 3.1828632636328e-20 0.596216376865428
GSM1947125_5859594025_R01C02 GSM1947125_5859594025_R01C02 0 -7.88879879491887e-18 0.37671700957466 0.0556292263662207 0.0697778701601127 8.22497593316856e-20 0.614763038155357
GSM1947126_5859594028_R02C02 GSM1947126_5859594028_R02C02 0.00746744624929566 0 0.361046396655907 0.053727048844159 0.0838171157044696 4.7419348457301e-20 0.598066706326729
GSM1947127_5806636037_R05C01 GSM1947127_5806636037_R05C01 0 -7.53906856721927e-21 0.372106258334583 0.0634085341129 0.066718800032892 2.65555813478974e-20 0.603976222157409
GSM1947128_6008581028_R02C02 GSM1947128_6008581028_R02C02 0 -1.47286781212638e-18 0.358853428451481 0.0473808536305174 0.0676503651691482 1.21005165628825e-19 0.622713955348939
GSM1947129_6008581009_R03C02 GSM1947129_6008581009_R03C02 0 -1.73325053483099e-18 0.350814058716564 0.053183448881311 0.0772161039916946 1.26634696303797e-19 0.620927874424758
GSM1947130_5806636086_R06C01 GSM1947130_5806636086_R06C01 0.00480278602138962 0 0.350288866685331 0.0555859107281607 0.0819604439599839 3.63824518650864e-20 0.624806152208914
GSM1947131_5859594009_R01C02 GSM1947131_5859594009_R01C02 0 -2.38343155224945e-19 0.357593743904722 0.0497340696825538 0.0809448404189768 3.93318844924455e-20 0.61877713809194
GSM1947132_5806636019_R03C01 GSM1947132_5806636019_R03C01 0.00815416632036707 0 0.372200654084556 0.0346869213109934 0.0828381517277524 3.4263969962104e-20 0.616502493650118
GSM1947133_6008581008_R04C01 GSM1947133_6008581008_R04C01 -1.73472347597681e-18 -2.14653257814364e-18 0.348098005799466 0.0533215951698135 0.074635633642321 5.56588642273379e-17 0.619030753564486
GSM1947134_5859720025_R04C02 GSM1947134_5859720025_R04C02 0 -1.69589019242745e-18 0.370789560809047 0.0514335493076404 0.0617651854256074 1.20808043758132e-19 0.62273364666143
GSM1947135_5859720025_R03C02 GSM1947135_5859720025_R03C02 0 -1.29801756071641e-18 0.374011321674431 0.0412211370379231 0.0893177891085508 8.4516222757539e-20 0.622303516789729
GSM1947136_6008581003_R02C02 GSM1947136_6008581003_R02C02 0 -4.03431451143359e-19 0.361321913821398 0.0420393558624728 0.0770282785314402 5.94185000447239e-20 0.623749796336409
GSM1947137_5806636063_R01C01 GSM1947137_5806636063_R01C01 0 -4.99748150580675e-19 0.361141095898702 0.0879986672313724 0.0666143608623152 4.94813500114496e-20 0.592255049491936
GSM1947138_6008581009_R06C01 GSM1947138_6008581009_R06C01 0 -3.02225299580209e-18 0.348692407338048 0.0355132606637395 0.0983116094287659 1.84936916536541e-19 0.605776130450819
GSM1947139_5806417081_R06C02 GSM1947139_5806417081_R06C02 0 -3.61822137705376e-18 0.348587369776854 0.0504106040313364 0.0823936576976057 2.18435715622157e-19 0.615184275924882
GSM1947140_5806636059_R01C01 GSM1947140_5806636059_R01C01 0.0269905248773629 0 0.333436113359929 0.0616108770518691 0.0883866196544141 5.55520160779502e-17 0.571075582691404
GSM1947141_5806636090_R03C02 GSM1947141_5806636090_R03C02 0 -5.11838854435272e-18 0.334432641036363 0.059454787369276 0.0669999385351102 2.97238788098154e-19 0.602819312014394
GSM1947142_5806636063_R06C02 GSM1947142_5806636063_R06C02 0 6.35682232587714e-18 0.359254752062557 0.0515947125122586 0.0983162428858739 6.14257718460263e-20 0.59262857372389
GSM1947143_5806636030_R01C02 GSM1947143_5806636030_R01C02 0.00418965584373378 0 0.358822412197004 0.0344050479611966 0.097418859391059 -5.54787053322525e-17 0.613459644524192
GSM1947144_6008581028_R05C02 GSM1947144_6008581028_R05C02 0.00228155435182165 0 0.346195098695956 0.0676974538807476 0.0619415103590231 4.24313701435811e-20 0.60043353004988
GSM1947145_5806636030_R05C01 GSM1947145_5806636030_R05C01 0.00776467044038345 6.93889390390723e-18 0.373190672678851 0.0533922377482444 0.0703243248916352 3.85027194831208e-20 0.611070938527851
GSM1947146_5806417045_R06C02 GSM1947146_5806417045_R06C02 0 -7.59682535251972e-18 0.371627621580315 0.0520597638600357 0.0620419434191169 6.73166140527673e-20 0.627364298634746
GSM1947147_5806636085_R03C02 GSM1947147_5806636085_R03C02 0.0112096033265817 6.93889390390723e-18 0.346724890972128 0.035983304462677 0.0920945127125872 3.7252594740972e-20 0.612859792665533
GSM1947148_5806636030_R04C01 GSM1947148_5806636030_R04C01 -4.33680868994202e-19 -5.54554324983754e-19 0.363826432883141 0.0265108496406605 0.0834505486017332 6.69329215526501e-20 0.641283929092717
GSM1947149_5806636085_R04C02 GSM1947149_5806636085_R04C02 -8.67361737988404e-19 -1.09185691378088e-18 0.374314947904713 0.0486630053350881 0.0728818356810403 9.6775801302604e-20 0.619917022691259
GSM1947150_5806636063_R05C02 GSM1947150_5806636063_R05C02 0.0110255665385645 -6.93889390390723e-18 0.357639139026141 0.0398557519396006 0.100980715471193 3.51352607207981e-20 0.608915047370823
GSM1947151_5859720025_R05C02 GSM1947151_5859720025_R05C02 0 -1.93048706924458e-18 0.366363547078586 0.0448356211479824 0.0941880856979698 1.19035046002911e-19 0.60771271509355
GSM1947152_5806636035_R06C01 GSM1947152_5806636035_R06C01 0 -2.41367605272517e-18 0.327088159851862 0.0995370890567333 0.0635689781087714 1.68175635128973e-19 0.587723704092369
GSM1947153_5859720011_R03C01 GSM1947153_5859720011_R03C01 0.0174730434489302 0 0.360244826844139 0.057284154585555 0.0525706831004323 4.87936219256864e-20 0.620599273873518
GSM1947154_5806636020_R02C01 GSM1947154_5806636020_R02C01 0.0212802353433746 0 0.372587395017773 0.0791858426918454 0.044279339752732 3.31779286297416e-20 0.579736623579086
GSM1947155_5806636086_R01C02 GSM1947155_5806636086_R01C02 0.00220372092412057 6.93889390390723e-18 0.35832991795017 0.0383391059313796 0.0958110308929316 -5.54726729940919e-17 0.612658388173747
GSM1947156_5806636020_R06C01 GSM1947156_5806636020_R06C01 0.00791700943596666 0 0.382955264899392 0.0765027484071482 0.0283525332985421 3.22921169258119e-20 0.609109817583147
GSM1947157_5806636039_R03C01 GSM1947157_5806636039_R03C01 0 -1.27349655729856e-18 0.368949068423964 0.0457135800451363 0.0938154775767025 9.2303996796964e-20 0.601862352030857
GSM1947158_5806636036_R05C02 GSM1947158_5806636036_R05C02 0 -3.74229849002311e-18 0.341898223745789 0.0695387796769048 0.05667564557739 -4.4372094482112e-19 0.598987563972782
GSM1947159_6008581014_R05C01 GSM1947159_6008581014_R05C01 0 -2.47509762360521e-18 0.338497660918577 0.0446292170573237 0.0868072677919437 1.77290185952747e-19 0.616208921023508
GSM1947160_5806636035_R01C01 GSM1947160_5806636035_R01C01 0.0139301438105829 0 0.334089620101465 0.0551943067154336 0.0694137910373519 4.54793440780889e-20 0.608547495871057
GSM1947161_5806636020_R04C01 GSM1947161_5806636020_R04C01 0.0209786552454446 0 0.358087528711595 0.0665425622450569 0.06928208190647 2.66507053522874e-20 0.591552757690645
GSM1947163_5806636026_R03C02 GSM1947163_5806636026_R03C02 0 -2.81420750695838e-18 0.346813720645842 0.0440208535862636 0.0916463782489625 1.8024878345668e-19 0.622450003089583
GSM1947191_6008581028_R06C01 GSM1947191_6008581028_R06C01 0 -5.51718032984289e-19 0.338381109587766 0.0584361280853812 0.0715554834923421 8.19921563509306e-20 0.625033751814857
GSM1947192_6008581009_R05C02 GSM1947192_6008581009_R05C02 0.0084522784163928 0 0.347969690120833 0.0432067222716429 0.0961044797563114 5.02379092544578e-20 0.607466680502849
GSM1947193_6008581026_R05C02 GSM1947193_6008581026_R05C02 0 -1.22961683606136e-18 0.363481180664248 0.056251532462637 0.0698888003820032 1.13435224282124e-19 0.607522717362562
GSM1947194_5806636034_R01C01 GSM1947194_5806636034_R01C01 0 -6.68824740636027e-19 0.354426354386049 0.0810178365169459 0.0492176899101775 8.22217969252258e-20 0.601398293224533
GSM1947195_6008581005_R01C01 GSM1947195_6008581005_R01C01 0 6.52220133899473e-18 0.361405962279527 0.0391584213815727 0.0993573368036382 5.63257533608309e-20 0.606135073479078
GSM1947196_5806417076_R02C02 GSM1947196_5806417076_R02C02 0 -9.79776683216682e-18 0.371779711390898 0.0372927653280301 0.0828202520448208 1.76095218151049e-19 0.632065824937436
GSM1947197_5806636030_R03C01 GSM1947197_5806636030_R03C01 0 -2.4777043857354e-19 0.370884484214859 0.0380548410786064 0.0883698062153817 4.51724785498462e-20 0.623072174013804
GSM1947198_5806636030_R02C01 GSM1947198_5806636030_R02C01 0.0132048663528556 0 0.359560247613216 0.0242046499725809 0.0962634990411666 2.76993340450086e-20 0.623911271845901
GSM1947199_6008581026_R01C02 GSM1947199_6008581026_R01C02 0.0121859711383136 0 0.347574941198922 0.0411289671192211 0.0940852744353212 4.53749848357086e-20 0.607170717005926
GSM1947200_6008581008_R05C01 GSM1947200_6008581008_R05C01 0 -2.92509839787955e-19 0.355189774481147 0.0562505628277793 0.0901473614983284 6.0835608991939e-20 0.597183819847766
GSM1947201_5806636027_R03C01 GSM1947201_5806636027_R03C01 0.0303945676804814 0 0.332094112557355 0.0764492097899278 0.0397377485856764 4.96893953814387e-20 0.588336867546871
GSM1947202_5806636079_R03C01 GSM1947202_5806636079_R03C01 0 -1.93128843711578e-18 0.321964081421862 0.037437946927126 0.0950329815917577 1.53629312149565e-19 0.620205514152107
GSM1947203_5859720011_R06C01 GSM1947203_5859720011_R06C01 0.000109022629964726 0 0.365344167757145 0.0681645277362066 0.0695602635838507 4.86013817655024e-20 0.604119412808299
GSM1947204_5806636085_R01C02 GSM1947204_5806636085_R01C02 0 -3.13604689076049e-18 0.37074421002612 0.0527443416599869 0.0763244379276401 1.79500112721884e-19 0.605267051653681
GSM1947205_5806636051_R05C01 GSM1947205_5806636051_R05C01 0 -2.3924797365706e-18 0.37741185064065 0.0537713405945973 0.069221031452047 1.59075945751219e-19 0.621536247796511
GSM1947206_5806636020_R05C02 GSM1947206_5806636020_R05C02 0.0221652015226875 0 0.369152363978139 0.0716212149386179 0.0547312155445885 1.76775274990042e-20 0.585865524229592
GSM1947207_5859720012_R06C01 GSM1947207_5859720012_R06C01 0.0188191125990697 -6.93889390390723e-18 0.366938358303209 0.053175945508582 0.0642917531471472 4.00913932341523e-20 0.610611760004664
GSM1947208_5806636027_R02C01 GSM1947208_5806636027_R02C01 0.0121521010461075 0 0.360465980034951 0.0588080172475626 0.0571364817319311 5.55483354358976e-17 0.595028764545922
GSM1947209_5806417009_R06C02 GSM1947209_5806417009_R06C02 0 -7.5043726987869e-18 0.371827384250355 0.0493098786692222 0.0852308613356235 6.7413771192375e-20 0.615703668976116
GSM1947210_5859594028_R02C01 GSM1947210_5859594028_R02C01 0 -7.77399099530398e-20 0.390101391568644 0.0527997150391465 0.0656780336269562 3.80263128866034e-20 0.616478096384222
GSM1947211_5859594006_R06C02 GSM1947211_5859594006_R06C02 0.0011176147831826 0 0.359577086652718 0.0460988659591869 0.0742352846551984 4.69337207185968e-20 0.616983094659061
GSM1947212_6008581026_R03C01 GSM1947212_6008581026_R03C01 0.00201019578605777 0 0.359114628286712 0.0374112262048873 0.0935807166625995 5.55568764128956e-17 0.607621043096238
GSM1947213_6008581028_R01C01 GSM1947213_6008581028_R01C01 0.0136759478146444 0.00107223321422756 0.314682387557669 0.167696466091963 0.0860879667312304 0 0.480296027931374
GSM1947214_5806636028_R05C01 GSM1947214_5806636028_R05C01 0.00450086905613774 0 0.344043067501779 0.0827847974356412 0.0510581485135417 4.98481726005108e-20 0.593172140609675
GSM1947215_5806636034_R03C01 GSM1947215_5806636034_R03C01 0.010605216581579 0 0.343810453246773 0.0603119510444521 0.0513545271857894 5.14872849243708e-20 0.626009286970416
GSM1947216_5806636042_R01C02 GSM1947216_5806636042_R01C02 0 -1.76501035936069e-19 0.362616332594762 0.0331618488666663 0.101451392053975 4.61691025081082e-20 0.620937537745878
GSM1947217_5806636020_R03C02 GSM1947217_5806636020_R03C02 0.0214345520658681 0 0.35488968723139 0.05978061302123 0.0698235813706203 2.93437829379738e-20 0.594702056254745
GSM1947218_5806417045_R03C01 GSM1947218_5806417045_R03C01 0.00820324149217446 0 0.360446429174665 0.0438288256878617 0.0846097926993136 3.28602802255703e-20 0.614128307059961
GSM1947219_5806636063_R03C02 GSM1947219_5806636063_R03C02 0 -1.73969830564945e-18 0.364700784769814 0.0503163721963013 0.0745431227037934 1.28315034500552e-19 0.628156288517847
GSM1947220_5806636079_R05C02 GSM1947220_5806636079_R05C02 0 -1.33395784893815e-17 0.321741358946814 0.043323353843694 0.087496499247456 -2.80508059165456e-18 0.615823188393153
GSM1947221_5806636029_R03C01 GSM1947221_5806636029_R03C01 0.0144585409536403 0 0.341257456640509 0.0928802148867112 0.0898440861855633 3.14306259437581e-20 0.564176366539183
GSM1947222_5806636036_R05C01 GSM1947222_5806636036_R05C01 0 -1.23192541372942e-18 0.340765022210254 0.0795966134000259 0.0615566558061032 1.09071417820471e-19 0.59608367884477
GSM1947223_5806636042_R06C01 GSM1947223_5806636042_R06C01 0.00114620579046106 0 0.368729433104382 0.0336289823321096 0.0959777350715134 1.96821355267782e-20 0.613486852405711
GSM1947224_5806417064_R02C01 GSM1947224_5806417064_R02C01 -4.33680868994202e-19 -5.49048663565552e-19 0.377204506461704 0.0423929601997278 0.100219555333839 5.87599750952448e-20 0.608814947517724
GSM1947225_5859720012_R01C01 GSM1947225_5859720012_R01C01 0 -4.6523168989427e-19 0.373385516765233 0.0349070154136771 0.101859177453107 5.09161640039128e-20 0.60656613381424
GSM1947226_6008581005_R05C01 GSM1947226_6008581005_R05C01 0 -3.25169386342696e-19 0.361151912755447 0.061942208736277 0.075208701889789 6.02713812713726e-20 0.611690180349668
GSM1947227_5806636036_R04C02 GSM1947227_5806636036_R04C02 0.00396890450479323 0 0.320910269438473 0.0493053938908782 0.0935886908045274 5.58939601262994e-20 0.602975869603065
GSM1947228_5806417076_R05C02 GSM1947228_5806417076_R05C02 0.000643252404556945 0 0.350154606194345 0.0370130917222567 0.111625556939645 4.34310952241744e-20 0.607539706645641
GSM1947229_5806417076_R03C02 GSM1947229_5806417076_R03C02 0.00484971590746384 0 0.358912912451202 0.0441896975932789 0.0891266718568141 5.01283505012246e-20 0.619138156247153
GSM1947230_6008581026_R02C02 GSM1947230_6008581026_R02C02 0 -1.64573666743016e-18 0.358149632002939 0.0571281109853649 0.0649105225233072 1.33375814420454e-19 0.61693647536165
GSM1947231_5806417023_R02C02 GSM1947231_5806417023_R02C02 0.00481436984543754 0 0.36848795959614 0.0422737376018417 0.0816136732374997 3.04705426206518e-20 0.612040777040595
GSM1947232_5806636026_R04C01 GSM1947232_5806636026_R04C01 0 -1.02579272408329e-18 0.358142468624454 0.0271271372126061 0.0930456765706778 9.76004160767539e-20 0.629472788795925
GSM1947233_5859594025_R01C01 GSM1947233_5859594025_R01C01 0.0159791217780516 0 0.360198997817582 0.0572759741986025 0.0739039201424143 3.34411748552031e-20 0.586904681351666
GSM1947234_6008581009_R02C01 GSM1947234_6008581009_R02C01 0.0129109137410177 0 0.35082526747072 0.0529807508135331 0.0700009695184489 5.15445400389363e-20 0.607969693458297
GSM1947235_5806636079_R02C01 GSM1947235_5806636079_R02C01 0 -2.96321881441468e-18 0.343211340019748 0.0574295029760709 0.0579198598195244 -4.65672530595674e-19 0.630614353405581
GSM1947236_6008581003_R05C02 GSM1947236_6008581003_R05C02 0 -2.93989873708353e-20 0.35480843724719 0.0434814983581191 0.0822017964514945 4.51577732290098e-20 0.623504249211008
GSM1947237_5859720011_R04C02 GSM1947237_5859720011_R04C02 0.00749847789299893 0 0.371007288523058 0.0348328397728194 0.123812821135831 3.56546476293579e-20 0.56959906781949
GSM1947238_5806636062_R01C02 GSM1947238_5806636062_R01C02 0.00351187027667146 0 0.392119472478361 0.0369517567178768 0.0779574980303108 2.92115724976869e-20 0.615285522228141
GSM1947239_5806636037_R03C02 GSM1947239_5806636037_R03C02 0.000349863364851741 0 0.359226219389073 0.0600858445398128 0.081866214916918 4.00682964033189e-20 0.60238130336748
GSM1947240_6008581028_R03C01 GSM1947240_6008581028_R03C01 0 -2.53822861323372e-19 0.355924975870501 0.0663315505744707 0.0558103486271351 6.11058916684212e-20 0.61052012032966
GSM1947241_5859720025_R04C01 GSM1947241_5859720025_R04C01 4.59323779520924e-05 0 0.359848628447546 0.0357406759334944 0.0963442105064886 1.83757779728036e-20 0.603886922615941
GSM1947242_6190781088_R01C01 GSM1947242_6190781088_R01C01 0.00660817696369461 0 0.376525898618841 0.0345092167089016 0.0998400222160199 1.57836818547958e-20 0.605803724447383
GSM1947243_5806417081_R06C01 GSM1947243_5806417081_R06C01 0 -1.56294187214758e-18 0.350911053695679 0.0484627977533688 0.0897932340137608 1.09868788976366e-19 0.612738893085091
GSM1947244_3999997051_R03C02 GSM1947244_3999997051_R03C02 0.00013586291332872 0 0.385511838714499 0.03679972304197 0.0920768424280529 2.89006897066688e-20 0.609582363655713
GSM1947245_5859594006_R05C01 GSM1947245_5859594006_R05C01 0.0358911740166294 0 0.352685932975845 0.0590201162228018 0.0591267340484176 3.85198522638881e-20 0.5985798985748
GSM1947246_5806636062_R05C01 GSM1947246_5806636062_R05C01 0 -1.69089817989298e-18 0.365528402087616 0.03734405520427 0.088786392302538 1.26653136138271e-19 0.626557234312626
GSM1947247_5806417077_R03C02 GSM1947247_5806417077_R03C02 0.00991410505711292 0 0.362968485548058 0.0326770099561259 0.100954637231895 4.34627826688336e-20 0.611516124872327
GSM1947248_6008581005_R03C01 GSM1947248_6008581005_R03C01 0.0062644319669631 0 0.363766282038154 0.0515507631832336 0.0644458658945366 5.55546177961659e-17 0.624074590321079
GSM1947249_5806636030_R01C01 GSM1947249_5806636030_R01C01 4.28590914188592e-05 0 0.385488454308687 0.0473478778851856 0.0614294978038524 2.82566710259623e-20 0.633638233345471
GSM1947250_5806636029_R01C01 GSM1947250_5806636029_R01C01 0.0163828498309831 0 0.374512037841909 0.063265498891505 0.0587792067794978 2.45904994621961e-20 0.597244524639342
GSM1947251_5806636079_R05C01 GSM1947251_5806636079_R05C01 0 -2.18543521533706e-18 0.325362633321317 0.0342812805143485 0.100282713344562 -2.05319403053365e-19 0.620729834335554
GSM1947252_5806636061_R03C01 GSM1947252_5806636061_R03C01 0.012313071308722 0 0.371631666612282 0.0417628665010014 0.07173740378534 4.14859317692455e-20 0.61855473234976
GSM1947253_5859594028_R04C02 GSM1947253_5859594028_R04C02 0.0121202929847562 0 0.352738715020096 0.048188308103042 0.0607346247836823 -5.54661169656782e-17 0.618931339676344
GSM1947254_5806417077_R01C01 GSM1947254_5806417077_R01C01 0.0169168464452583 0 0.354244883636902 0.0443743167648629 0.0857862837764571 3.27096029383683e-20 0.596498917157504
GSM1947255_5806417064_R05C02 GSM1947255_5806417064_R05C02 0 -1.18038972915402e-18 0.363709747879136 0.0474510139435364 0.0748882423700293 1.13379075628789e-19 0.629720268228244
GSM1947256_5859720011_R04C01 GSM1947256_5859720011_R04C01 0 -9.88442782279767e-19 0.375302051633523 0.0638139407732616 0.0617108857585796 9.26608396422806e-20 0.616959319767422
GSM1947257_5806636019_R04C01 GSM1947257_5806636019_R04C01 1.73472347597681e-18 4.70438651651519e-18 0.36595161324812 0.0463270588042927 0.0808133170023519 1.43449757068419e-19 0.619999501830605
GSM1947258_3999997110_R02C01 GSM1947258_3999997110_R02C01 0 -2.14409962216092e-18 0.351851883692972 0.0272456318245592 0.107696192732064 1.45251454033612e-19 0.629086838401765
GSM1947259_5806417009_R02C02 GSM1947259_5806417009_R02C02 0.00143689799314381 -6.93889390390723e-18 0.367626172399811 0.033900756657954 0.0913877595872954 3.3887950900554e-20 0.609255770100151
GSM1947260_5806636051_R06C01 GSM1947260_5806636051_R06C01 0 -7.17574355845182e-19 0.35722318215446 0.0415924460829277 0.101637018104987 6.29200880240448e-20 0.602345545080599
GSM1947261_5806636063_R03C01 GSM1947261_5806636063_R03C01 0 -2.17957873197756e-19 0.363962880093721 0.0215075061301871 0.101059165199552 3.92814724304168e-20 0.631339273215525
GSM1947262_5806417064_R03C02 GSM1947262_5806417064_R03C02 0 5.91844760514533e-18 0.364950608384024 0.0444951087633819 0.0886179264912897 8.36130159065098e-20 0.614327955865159
GSM1947263_5806417081_R04C01 GSM1947263_5806417081_R04C01 0 -3.23635281160493e-18 0.356835291563897 0.0523752802336858 0.0692827026555358 2.08402922772233e-19 0.626125261220238
GSM1947264_5806417077_R06C01 GSM1947264_5806417077_R06C01 0 -8.02815887292706e-19 0.352496603656277 0.0336754265872625 0.0942775164882397 7.17622587756188e-20 0.608090477083418
GSM1947265_5806636083_R02C02 GSM1947265_5806636083_R02C02 0.00545376808244195 6.93889390390723e-18 0.359111929106346 0.0347213788056682 0.0966299116682827 5.55457588633332e-17 0.621975160751744
GSM1947266_5806417064_R04C01 GSM1947266_5806417064_R04C01 0 -4.93849027307789e-19 0.350807779241615 0.0477399768697299 0.0962786123179287 6.79065232429417e-20 0.616905629114672
GSM1947267_5806417081_R02C02 GSM1947267_5806417081_R02C02 4.33680868994202e-19 -5.7400546640603e-19 0.338266054328128 0.0491793589293689 0.0879682617877188 5.56006074377652e-17 0.62282462632295
GSM1947268_5806417023_R03C01 GSM1947268_5806417023_R03C01 0.000304579571067283 0 0.352888048515206 0.0444536286292664 0.103589039050414 4.89766364124493e-20 0.606157575782595
GSM1947269_5806636051_R02C02 GSM1947269_5806636051_R02C02 0.0125220867294657 0 0.364345126166697 0.0293979685290403 0.0980721296488404 3.20310668793765e-20 0.619280465902475
GSM1947270_5806417077_R05C01 GSM1947270_5806417077_R05C01 0 -3.92334114057142e-18 0.346941374033649 0.0479856115927557 0.0886010367400828 2.33023350368856e-19 0.620759961494624
GSM1947271_5806636061_R05C02 GSM1947271_5806636061_R05C02 0.00734484524316749 0 0.371913152997038 0.039729012941964 0.104650815219763 3.70679777864961e-20 0.596391394571621
GSM1947272_5806417023_R01C01 GSM1947272_5806417023_R01C01 0.0106840952224371 0 0.381283846461847 0.0534494525857323 0.0659279489028533 2.73401832544022e-20 0.606722987526052
GSM1947273_5806417009_R06C01 GSM1947273_5806417009_R06C01 0 -2.39456207489894e-18 0.369337709917662 0.0397599277793261 0.0882209348857007 1.63782453505577e-19 0.599809285730442
GSM1947274_6190781088_R06C02 GSM1947274_6190781088_R06C02 0.00124303454565045 0 0.369563522986886 0.0341514743306943 0.0946124117338721 2.70856055065856e-20 0.614521890848541
GSM1947275_5806417023_R01C02 GSM1947275_5806417023_R01C02 0.0196202074796503 0 0.372157079941797 0.0403860073520338 0.0817580401827843 2.65553234840063e-20 0.614821911440255
GSM1947276_5806636063_R04C02 GSM1947276_5806636063_R04C02 0.0063326245198252 0 0.35213789093036 0.0380717185306986 0.101534549865909 3.25075415199101e-20 0.614871405001642
GSM1947277_5806417023_R05C02 GSM1947277_5806417023_R05C02 0 -4.85982356566066e-19 0.359116030912143 0.0343093972522367 0.102083341185127 6.52885248322408e-20 0.608540803217352
GSM1947278_6190781088_R04C02 GSM1947278_6190781088_R04C02 0.0186076816976912 0 0.352394208493664 0.0304844625518141 0.110619420832289 2.87934830946356e-20 0.602207723302683
GSM1947279_5806417023_R04C02 GSM1947279_5806417023_R04C02 0 -4.61947422107616e-19 0.357981301277109 0.0480536413163365 0.0820881843469239 7.1824721682253e-20 0.620500279277288
GSM1947280_5806417023_R05C01 GSM1947280_5806417023_R05C01 0 -7.51307927493744e-19 0.352453350708907 0.0414291492192143 0.0935130047063508 6.64836618490854e-20 0.627023840270743
GSM1947281_3999997051_R04C02 GSM1947281_3999997051_R04C02 0.013852961204888 0 0.392912065206395 0.0305820738373363 0.0845449220776405 1.67653802291296e-20 0.614216862254051
GSM1947282_5806417081_R03C02 GSM1947282_5806417081_R03C02 0.00157850618261877 0 0.34043387776761 0.0495782506131627 0.0951675271458396 4.57102205689341e-20 0.614271502822083
GSM1947283_5806417081_R01C02 GSM1947283_5806417081_R01C02 0.0123262032157183 6.93889390390723e-18 0.355527696420114 0.0443101091095976 0.0953373550818756 4.23682899029526e-20 0.609511790376033
GSM1947284_5806417064_R01C02 GSM1947284_5806417064_R01C02 0.0137062809656013 0 0.355676405394065 0.0413993795956562 0.0879761949047071 2.74722608877564e-20 0.607065269427431
GSM1947285_5806417023_R06C01 GSM1947285_5806417023_R06C01 0.00321930896092597 0 0.349731948734493 0.031324869382102 0.100945597796361 2.95867201801832e-20 0.606969688153519
GSM1947286_5806417009_R02C01 GSM1947286_5806417009_R02C01 0 -1.18822803458456e-18 0.3721333580249 0.0330653267900107 0.0895759343713096 7.5185758621112e-20 0.611331209588622
GSM1947287_5806417045_R04C02 GSM1947287_5806417045_R04C02 -4.33680868994202e-19 -5.71663951172004e-19 0.352944230694325 0.0479773785902022 0.0793281670460108 7.98291307463468e-20 0.606761946815676
GSM1947288_5806417064_R06C01 GSM1947288_5806417064_R06C01 0 6.60663912857196e-18 0.357898097896089 0.0425355995939466 0.0808501451414916 5.15308480686257e-20 0.636700429799804
GSM1947289_3999997091_R01C01 GSM1947289_3999997091_R01C01 0.0221840107524448 0 0.379615994298784 0.0444690859688021 0.0661097472479984 -5.54772920850021e-17 0.621717870773767
GSM1947290_3999997091_R03C01 GSM1947290_3999997091_R03C01 0.00797022979660951 0 0.361098126698246 0.0389477230484006 0.0990749234412224 4.00035262760664e-20 0.608938849779753
GSM1947291_3999997074_R01C02 GSM1947291_3999997074_R01C02 0.00720322111741385 0 0.357307082463477 0.0338384645935782 0.106756761206924 3.84755660117011e-20 0.601907838955331
GSM1947292_3999997100_R01C01 GSM1947292_3999997100_R01C01 0 -1.74644306282193e-18 0.354413291107608 0.0464699569795189 0.0897754697260931 1.25972828446786e-19 0.622268463889735
GSM1947293_3999997076_R06C01 GSM1947293_3999997076_R06C01 0 -7.52951187463439e-18 0.372011197699925 0.0278699126305221 0.134161604071529 6.62624033879272e-20 0.57517866476063
GSM1947294_3999997077_R03C01 GSM1947294_3999997077_R03C01 0 -1.34455905674514e-18 0.381169862468163 0.0472128803745132 0.0660225289701163 9.68020343522203e-20 0.636639383947375
GSM1947295_3999997110_R03C01 GSM1947295_3999997110_R03C01 0 -6.1881530159033e-19 0.380920882961327 0.0256223037712099 0.106279418489207 5.54632939847497e-20 0.620465366217849
GSM1947296_3999997076_R02C02 GSM1947296_3999997076_R02C02 0.000220423658841642 0 0.352075110441296 0.0334780731979628 0.105084720256729 5.08096568051211e-20 0.619360696863363
GSM1947297_3999997080_R03C02 GSM1947297_3999997080_R03C02 0.00427955223335621 6.93889390390723e-18 0.387222615761267 0.0334483817481078 0.100411137396002 3.45117973926207e-20 0.592157213983457
GSM1947298_3999997076_R05C01 GSM1947298_3999997076_R05C01 0.00899627432040247 0 0.354861632766101 0.0261985039581868 0.111549676035959 3.33177369504722e-20 0.625916072573605
GSM1947299_3999997093_R04C02 GSM1947299_3999997093_R04C02 0.00536279933884027 0 0.347507920689051 0.0461110390396745 0.0874648349812008 4.09804134461985e-20 0.617151080893042
GSM1947300_3999997100_R03C02 GSM1947300_3999997100_R03C02 0 -3.96804259466562e-18 0.370700949552755 0.034217015589962 0.0841684413486538 2.42294551051006e-19 0.622968058786908
GSM1947301_3999997100_R02C02 GSM1947301_3999997100_R02C02 0 -2.70410374129619e-18 0.35175105440502 0.038912687998496 0.0915317241523943 1.86400647841498e-19 0.621860810214265
GSM1947302_3999997100_R05C02 GSM1947302_3999997100_R05C02 0 -3.98509258398863e-18 0.358910969325454 0.0383455187261523 0.0912047246313585 2.34353375360067e-19 0.619924651583124
GSM1947303_3999997093_R06C01 GSM1947303_3999997093_R06C01 0 -1.61472250750076e-18 0.34514023606511 0.0377347379786452 0.107291609532775 1.27837833477726e-19 0.616601224370851
GSM1947304_3999997072_R05C02 GSM1947304_3999997072_R05C02 0.00492747658260954 0 0.378260423424747 0.0472927086074312 0.0713376792840206 5.17487152982416e-20 0.626466979957261
GSM1947305_3999997077_R03C02 GSM1947305_3999997077_R03C02 0 -6.24767533298197e-19 0.363743777599653 0.0458476765441555 0.076498303743558 6.4329942056341e-20 0.631780851008587
GSM1947306_3999997110_R04C02 GSM1947306_3999997110_R04C02 0.000108848593746458 6.93889390390723e-18 0.350827553792827 0.0401109840063598 0.106840309394124 4.27913756632549e-20 0.611567165676756
GSM1947307_3999997110_R03C02 GSM1947307_3999997110_R03C02 0.0142825146448018 0 0.348122513124847 0.0339391427352465 0.105342589826973 5.34044810093801e-20 0.602232323854422
GSM1947308_3999997093_R03C02 GSM1947308_3999997093_R03C02 0 -2.93588983457426e-18 0.36390737682869 0.0495078475244419 0.0782196636105867 1.73996165038033e-19 0.606498737769227
GSM1947309_3999997100_R06C01 GSM1947309_3999997100_R06C01 0 -3.67389299215547e-18 0.35129819407358 0.0445642397290225 0.0988871155902046 -3.60532208141781e-19 0.593296829430023
GSM1947310_3999997091_R02C01 GSM1947310_3999997091_R02C01 0.00960724333330064 0 0.365181667418063 0.0316305157829334 0.0998684871939935 2.5795364702722e-20 0.633455111457501
GSM1947311_3999997076_R01C02 GSM1947311_3999997076_R01C02 0.0164914984275064 0 0.355397739452489 0.0269775254378573 0.102868235518958 3.28698124306382e-20 0.623737884410525
GSM1947312_3999997091_R05C02 GSM1947312_3999997091_R05C02 0 -5.49845776778469e-20 0.376743541139386 0.022524645787841 0.123062244699668 4.41628060370318e-20 0.595610842641536
GSM1947313_3999997093_R05C01 GSM1947313_3999997093_R05C01 0 -2.01329192497377e-18 0.35621336121289 0.0479546770974957 0.0906160317927648 1.39168465879784e-19 0.622247604158122
GSM1947314_3999997114_R02C02 GSM1947314_3999997114_R02C02 0 -4.75826436012336e-19 0.338460502679577 0.0331168899385256 0.110947371820912 7.76444413828928e-20 0.623011394600457
GSM1947315_3999997110_R02C02 GSM1947315_3999997110_R02C02 0 -3.60023815834681e-19 0.369455886988487 0.0330685133792319 0.0890587434160042 6.30724518438702e-20 0.625197183506054
GSM1947316_3999997072_R04C02 GSM1947316_3999997072_R04C02 0.0042950643304085 0 0.373868506286409 0.0574084507526284 0.0787542405535023 4.28945761698369e-20 0.582265966641688
GSM1947317_3999997100_R04C01 GSM1947317_3999997100_R04C01 0.00719822383595877 -6.93889390390723e-18 0.351857903500709 0.037568835582279 0.10161525088666 3.76007043146866e-20 0.621247664193208
GSM1947318_3999997100_R05C01 GSM1947318_3999997100_R05C01 0 -2.13815222893496e-18 0.344716187184861 0.0455454985555064 0.0819500024268918 1.56384593280394e-19 0.631551233437741
GSM1947319_3999997072_R02C01 GSM1947319_3999997072_R02C01 0 -7.78292129152922e-19 0.379582412950521 0.0433141378280266 0.0863772549638314 7.36392906193836e-20 0.618641498688941
GSM1947320_3999997100_R02C01 GSM1947320_3999997100_R02C01 0 -2.90600542421277e-18 0.354315658120217 0.0391976150379344 0.104708657392236 1.89362681904202e-19 0.625487975804148
GSM1947321_3999997076_R02C01 GSM1947321_3999997076_R02C01 0 -2.83101686934942e-18 0.369741207583367 0.0335665358253987 0.111344675878471 1.68877956629068e-19 0.6062753365238
GSM1947322_3999997110_R06C01 GSM1947322_3999997110_R06C01 0 -4.10872486254892e-18 0.373278798723392 0.0417424011427834 0.0796170883609984 2.29595909692822e-19 0.6228972718484
GSM1947323_3999997080_R05C02 GSM1947323_3999997080_R05C02 0 -1.12696051068569e-18 0.381597055639905 0.0633034379287362 0.0686030785224602 7.04188012744813e-20 0.61134302534267
GSM1947324_3999997074_R05C01 GSM1947324_3999997074_R05C01 0.00354409458282103 0 0.37188533939014 0.0330706843081446 0.0929433749434831 2.91892900759178e-20 0.621293587203489
GSM1947325_3999997091_R04C02 GSM1947325_3999997091_R04C02 0.00920392254455423 0 0.364948945779276 0.040794395142473 0.0903792452156349 4.18275575558381e-20 0.621134459894684
GSM1947326_3999997100_R04C02 GSM1947326_3999997100_R04C02 0 -2.91811067342786e-18 0.334232180303314 0.0390281149742102 0.112948593413045 -1.90259698804186e-19 0.610749675638693
GSM1947327_3999997091_R04C01 GSM1947327_3999997091_R04C01 0.00767525620766933 0 0.367897612221779 0.0347368291888811 0.0926011068932551 4.0795829687017e-20 0.624180433459574
GSM1947328_3999997080_R05C01 GSM1947328_3999997080_R05C01 -1.0842021724855e-19 -1.32924730222196e-19 0.374531809644359 0.0331187365101138 0.100040943556827 3.54688223516931e-20 0.628817223524747
GSM1947329_3999997076_R03C02 GSM1947329_3999997076_R03C02 0 -1.95247438776499e-18 0.389168182713086 0.0440941259133122 0.0752579284126102 1.40219688423085e-19 0.616444236111182
GSM1947330_3999997074_R01C01 GSM1947330_3999997074_R01C01 0.00108345187479203 0 0.371912354833579 0.0374545293904082 0.0872504477225138 3.57238185145524e-20 0.631836538871273
GSM1947331_3999997074_R06C02 GSM1947331_3999997074_R06C02 0 -3.76187379901704e-19 0.375112396989888 0.0439524975291999 0.0934711752165943 4.80112430500735e-20 0.608551193805278
GSM1947332_3999997114_R01C02 GSM1947332_3999997114_R01C02 0 -3.33533035463742e-19 0.354079739336892 0.0257683567282566 0.0987406507626674 5.34248976573484e-20 0.633072185789054
GSM1947333_3999997077_R04C02 GSM1947333_3999997077_R04C02 0 5.77120637870911e-18 0.369391483002203 0.0290884144917215 0.105912441029491 9.68686763024242e-20 0.603567811125473
GSM1947334_3999997076_R05C02 GSM1947334_3999997076_R05C02 0.00642110161445844 0 0.370955471884753 0.026827637722336 0.0949358709505459 3.82552325333121e-20 0.621442555514283
GSM1947335_3999997072_R01C01 GSM1947335_3999997072_R01C01 0.0205080084855375 0 0.366437161743053 0.021220757035687 0.0904359762196893 4.41474643781689e-20 0.626292443745022
GSM1947336_3999997091_R05C01 GSM1947336_3999997091_R05C01 0.00226779216085117 0 0.370995574205314 0.0399010607994361 0.103990633209627 2.29321265696222e-20 0.600401908661754
GSM1947337_3999997114_R01C01 GSM1947337_3999997114_R01C01 0 -6.74049487990786e-19 0.362182612981151 0.0310094691204488 0.0818502072941472 8.48747168698413e-20 0.646397853674821
GSM1947338_3999997072_R06C01 GSM1947338_3999997072_R06C01 0 -2.49553427405327e-18 0.391001861513638 0.0495683568673726 0.0795211543757296 1.44314649837518e-19 0.609197162993845
GSM1947339_3999997074_R04C01 GSM1947339_3999997074_R04C01 0 -2.83725595758592e-18 0.370404190614066 0.047309950613715 0.0859193243234815 1.67067786159075e-19 0.622898067289298
GSM1947340_3999997080_R01C02 GSM1947340_3999997080_R01C02 0 -8.66482028390848e-18 0.373516274306608 0.0465257328136632 0.0778063954716022 1.15781419626235e-19 0.638076712121011
GSM1947341_3999997077_R01C02 GSM1947341_3999997077_R01C02 0.00962398740739754 0 0.364981283756053 0.0444797692019331 0.0729481740956796 3.36346390468854e-20 0.632296500249944
GSM1947342_3999997110_R05C01 GSM1947342_3999997110_R05C01 0 -1.25809628698842e-18 0.353185110121714 0.0228887499822601 0.100636664205345 1.03629733525324e-19 0.630190877226331
GSM1947343_3999997114_R03C01 GSM1947343_3999997114_R03C01 0.0160737554622377 0 0.353978737427168 0.0436847258955527 0.0813109128746102 4.05933487203491e-20 0.622436547543785
GSM1947344_3999997100_R01C02 GSM1947344_3999997100_R01C02 0.00283244006115453 0 0.347820250495967 0.0338003352725228 0.105755974458577 4.76984431995213e-20 0.624693994959571
GSM1947345_3999997051_R06C02 GSM1947345_3999997051_R06C02 0.00364258635408635 0 0.366020123909319 0.038811107383226 0.0966308089418436 3.84202684753513e-20 0.616103327860761
GSM1947346_3999997077_R05C01 GSM1947346_3999997077_R05C01 0.0246217502254643 0 0.361615054337909 0.0487648359429868 0.0720669361740045 4.63479151518353e-20 0.612642214896465
GSM1947347_3999997074_R03C01 GSM1947347_3999997074_R03C01 0 -5.41632906441458e-21 0.373908724220941 0.041452500523072 0.0858709150886887 4.48555762146061e-20 0.62044438672649
GSM1947348_3999997110_R04C01 GSM1947348_3999997110_R04C01 0.00386344900483212 -6.93889390390723e-18 0.360036940585263 0.0235150712688874 0.102397453773367 4.19796392097711e-20 0.626489292497812
GSM1947349_3999997110_R06C02 GSM1947349_3999997110_R06C02 0 -2.89753466664242e-18 0.360888239292135 0.0226535440380219 0.112653124434236 1.89027435734907e-19 0.608699485787628
GSM1947350_3999997110_R01C02 GSM1947350_3999997110_R01C02 0.0128178122853335 0 0.352324843174105 0.0308022395807363 0.113585811125595 2.52960702002417e-20 0.610096376906856
GSM1947351_3999997114_R04C01 GSM1947351_3999997114_R04C01 0 -1.2605300105293e-18 0.374639135865691 0.0297011323499421 0.0884569975778203 1.05499593808843e-19 0.632267254555247
GSM1947352_3999997091_R02C02 GSM1947352_3999997091_R02C02 0.0119971355755738 0 0.374650796159806 0.0489086600553008 0.0712524903029955 2.82871725921787e-20 0.621725746112317
GSM1947353_3999997080_R04C01 GSM1947353_3999997080_R04C01 0.00266916510092436 0 0.38601837250619 0.0475240822003592 0.0722758328757155 2.85094181502546e-20 0.623859172324894
GSM1947354_3999997077_R02C01 GSM1947354_3999997077_R02C01 0 6.45227932513057e-18 0.366104884407929 0.048583906991505 0.0982468858394474 5.9946930075287e-20 0.605628905196863
GSM1947355_3999997091_R06C02 GSM1947355_3999997091_R06C02 0.00153204937655987 -6.93889390390723e-18 0.355914522345341 0.0237637297377165 0.108042599533828 3.69637359994414e-20 0.616658098372274
GSM1947356_3999997074_R03C02 GSM1947356_3999997074_R03C02 0 -1.101160297591e-18 0.37467823059466 0.0262505776695286 0.0968810230295688 8.27536459202259e-20 0.630634168158038
GSM1947357_3999997091_R06C01 GSM1947357_3999997091_R06C01 0 2.30219967232016e-18 0.372960429513025 0.0427529314606229 0.0875903162566529 7.55298361448657e-20 0.609010300539224
GSM1947358_3999997100_R06C02 GSM1947358_3999997100_R06C02 0 -1.47073109657906e-18 0.334075224980312 0.0347292522047412 0.103399392997672 1.25373831281558e-19 0.615060459197005
GSM1947359_3999997080_R01C01 GSM1947359_3999997080_R01C01 0.00442614343966905 0 0.359896677146238 0.0265736163938261 0.0877602550972289 2.95658773993273e-20 0.630916986861232
GSM1947360_3999997080_R02C02 GSM1947360_3999997080_R02C02 0.00063702710665855 0 0.378291908566636 0.042142736176553 0.085244415147305 2.9378813598248e-20 0.622587003941583
GSM1947361_3999997074_R05C02 GSM1947361_3999997074_R05C02 -4.33680868994202e-19 -7.51058547556226e-18 0.355515314229527 0.0587996668791445 0.0922453934165112 6.73984221988018e-20 0.616992504202118
GSM1947362_3999997076_R04C02 GSM1947362_3999997076_R04C02 0.00509655249007595 0 0.382075077230904 0.0272582110745156 0.0957762264471088 3.39557205930451e-20 0.616446678354673
GSM1947363_3999997091_R03C02 GSM1947363_3999997091_R03C02 0.00974333826242397 0 0.365745024691729 0.0284295037103564 0.102629103374262 4.08202010947062e-20 0.617847179977574
GSM1947364_3999997074_R02C02 GSM1947364_3999997074_R02C02 0 -1.16953344775148e-18 0.369936488585021 0.0457877959533275 0.0759242264606766 1.03183457795639e-19 0.63448934070818
GSM1947365_3999997093_R01C01 GSM1947365_3999997093_R01C01 0 -1.93085612861761e-18 0.373137300581336 0.0474452856164625 0.0722073854270895 2.78985807190428e-17 0.620374970095987
GSM1947366_3999997072_R03C01 GSM1947366_3999997072_R03C01 0 -1.15039409853678e-18 0.374543398826091 0.0252111543767531 0.0982816526284736 8.31488380121728e-20 0.618566595814371
GSM1947367_3999997091_R01C02 GSM1947367_3999997091_R01C02 0 6.86195047887014e-18 0.371985296095616 0.0335618115815177 0.0857419073076045 4.1537599349897e-20 0.630311450772042
GSM1947368_3999997100_R03C01 GSM1947368_3999997100_R03C01 0.0125108737054214 0 0.355538451630252 0.0224924973555562 0.118767155353038 4.36374561630507e-20 0.598265311923124
GSM1947369_3999997072_R02C02 GSM1947369_3999997072_R02C02 0 -1.15926275536616e-18 0.361934264797427 0.0281152237340615 0.12021306362134 7.99968456603384e-20 0.601909978115244
GSM1947370_3999997077_R01C01 GSM1947370_3999997077_R01C01 0.00371936407051001 -6.93889390390723e-18 0.379323557327951 0.0388745562880929 0.0809889748415052 3.781341956704e-20 0.626932078810577
GSM1947379_3999997072_R01C02 GSM1947379_3999997072_R01C02 0 -1.27302704740321e-19 0.362985463670911 0.0358217159237058 0.089265069518361 5.67267949247857e-20 0.641174909688451
GSM1947381_3999997110_R01C01 GSM1947381_3999997110_R01C01 0.0170787700896909 0 0.343794119023625 0.0259849558684461 0.113660024126748 4.84930290891747e-20 0.613375321043325
GSM1947382_3999997093_R06C02 GSM1947382_3999997093_R06C02 0 -2.96143652421772e-18 0.345873137117102 0.0407303390489815 0.0814775281484069 1.92104472441908e-19 0.634836789281979
GSM1947383_3999997074_R02C01 GSM1947383_3999997074_R02C01 -2.16840434497101e-19 -2.58298554102912e-19 0.368574803491822 0.0326407541344171 0.101601184020548 4.75768818562959e-20 0.620303761367027
GSM1947384_3999997072_R04C01 GSM1947384_3999997072_R04C01 0.00592591048737863 0 0.374868301217146 0.0368184316499852 0.0893073633920466 3.72362456888401e-20 0.627964708079053
GSM1947385_3999997080_R06C02 GSM1947385_3999997080_R06C02 0.0404447942847981 0 0.358196130064205 0.0381349525409086 0.0910828210939309 2.78619650425367e-20 0.600060837131029
GSM1947386_3999997114_R05C01 GSM1947386_3999997114_R05C01 0.00666992058594785 0 0.355986832009497 0.0459199711107265 0.0879772218598984 4.7863355481745e-20 0.601574433307612
GSM1947387_3999997114_R06C02 GSM1947387_3999997114_R06C02 0.00914632746130554 0 0.350369320400451 0.0346592624259183 0.0883632306056449 4.94428207696947e-20 0.62788562705766
GSM1947388_3999997074_R04C02 GSM1947388_3999997074_R04C02 0 -1.7705771116305e-18 0.383014381713196 0.0379729773142922 0.0851835797635432 1.17128904286167e-19 0.623846667130386
GSM1947389_3999997072_R06C02 GSM1947389_3999997072_R06C02 0.00924066554920219 0 0.36110374668338 0.0435630688409946 0.0885235866258716 3.87433328599245e-20 0.617957453020841
GSM1947390_3999997114_R06C01 GSM1947390_3999997114_R06C01 0 -7.134041437727e-18 0.375437528945758 0.0541481250984839 0.0668503131269398 -1.19250743792817e-18 0.623422859477664
GSM1947391_3999997080_R06C01 GSM1947391_3999997080_R06C01 0.0182572807595427 3.46944695195361e-18 0.387673108846 0.037431796659616 0.0854386140358082 2.12510339178295e-20 0.610287767214409
GSM1947392_3999997114_R03C02 GSM1947392_3999997114_R03C02 0 -6.9557113187652e-18 0.359387102676106 0.0312221433516408 0.108962652487319 4.01288565712922e-20 0.612974436613015
GSM1947393_3999997077_R05C02 GSM1947393_3999997077_R05C02 0 -2.2637866428766e-19 0.361856782262375 0.0415682444742268 0.090686282071541 5.55606606721675e-17 0.621716412446976
GSM1947394_3999997093_R03C01 GSM1947394_3999997093_R03C01 0.0105326645275663 -6.93889390390723e-18 0.352776782409685 0.023266362463325 0.113557402110296 4.101881070575e-20 0.589567921021156
GSM1947395_3999997077_R04C01 GSM1947395_3999997077_R04C01 -3.46944695195361e-18 -4.16381674019887e-18 0.361497599650807 0.0517555321128801 0.107358178239656 2.28618290553186e-19 0.605596692815989
GSM1947396_3999997110_R05C02 GSM1947396_3999997110_R05C02 0 -2.62912738082884e-18 0.368634706832347 0.0436001783037478 0.087471013014501 1.73962824619632e-19 0.617659417597625
GSM1947397_3999997093_R05C02 GSM1947397_3999997093_R05C02 0 -1.44826079802499e-18 0.354618777749249 0.0352815187251922 0.0893491111226032 1.234936794733e-19 0.623059368736777
GSM1947398_3999997076_R03C01 GSM1947398_3999997076_R03C01 0.000125575270554549 0 0.384998105866047 0.043994574360655 0.064218464604874 4.09353625169256e-20 0.639557221579837
GSM1947399_3999997080_R02C01 GSM1947399_3999997080_R02C01 0 -7.53434210864994e-19 0.374654387469412 0.0427621109299901 0.0974703238836032 -5.54338323061984e-17 0.606221177784335
GSM1947400_3999997077_R06C02 GSM1947400_3999997077_R06C02 0 -7.25130305985773e-20 0.356228046347171 0.0338484357440278 0.111698721347362 3.54212434417621e-20 0.617569451808859
GSM1947401_3999997093_R02C02 GSM1947401_3999997093_R02C02 0 -3.4113225915766e-18 0.36420166374022 0.0378625518927823 0.0998927547780628 2.01938716768645e-19 0.613963838493046
GSM1947402_3999997077_R02C02 GSM1947402_3999997077_R02C02 0.0032855518183285 -6.93889390390723e-18 0.365865118370216 0.0383843667420399 0.0805934775862272 -5.54766796743666e-17 0.629058421044453
GSM1947403_3999997114_R02C01 GSM1947403_3999997114_R02C01 0 -1.71955025797088e-18 0.348763118880205 0.0328895359693125 0.118558791487654 1.17269480893468e-19 0.60246999384865
GSM1947404_3999997076_R04C01 GSM1947404_3999997076_R04C01 0.00689244038097725 0 0.370721712676313 0.0304576642549379 0.0887401211852942 3.07124132463246e-20 0.635224722143087
GSM1947405_3999997093_R02C01 GSM1947405_3999997093_R02C01 0 -3.7533092563294e-19 0.358476942031845 0.0487651384094408 0.0890690382616564 5.87288824287365e-20 0.610382642536731
GSM1947406_3999997080_R03C01 GSM1947406_3999997080_R03C01 0 -3.4039505434807e-19 0.379239323402206 0.0368132861451267 0.0880352001023729 6.93323771889821e-20 0.619939879824345
GSM1947407_3999997072_R05C01 GSM1947407_3999997072_R05C01 0 -1.51721429093468e-19 0.36392294333737 0.0784095502181471 0.0869474588918657 4.15926093951013e-20 0.583818867288731
GSM1947408_3999997077_R06C01 GSM1947408_3999997077_R06C01 0.0074159272199907 -6.93889390390723e-18 0.347145066692913 0.0229610059825558 0.120579938737405 3.54393620570987e-20 0.615298830150879
GSM1947409_3999997093_R01C02 GSM1947409_3999997093_R01C02 0 -2.35494478171025e-19 0.353905351612084 0.040799323767925 0.102905087905655 5.55671775846925e-17 0.609854361731391
