0.34023,0.3171,0.33099,0.33083,0.34541,0.30949,0.29738,0.35317,0.43229,0.39031,0.25518,0.32578,0.27842,0.34839,0.33712,0.34818,0.3041,0.33583,0.36244,0.31833,0.35678,0.31552,0.32354,0.3136,0.28271,0.29436,0.31827,0.28791,0.33492,0.34091,0.30671,0.31031,0.35084,0.32773,0.28602,0.33908,0.32004,0.30407,0.88955,0.28155,0.30976,0.70371,0.91206,0.30437,0.26933,0.34516,0.31396,0.31656,0.39374,0.31576
0.32643,0.30299,0.35142,0.34366,0.36437,0.36155,0.31868,0.34466,0.35225,0.3391,0.30874,0.30649,0.33699,0.43853,0.33536,0.33697,0.2893,0.34489,0.34039,0.31828,0.32854,0.33862,0.31792,0.32544,0.2735,0.29315,0.3047,0.28622,0.3123,0.29156,0.31659,0.28567,0.35545,0.30255,0.28972,0.31765,0.33197,0.30555,0.9592,0.33475,0.38224,0.70451,0.90128,0.31441,0.29313,0.32953,0.33069,0.30016,0.33649,0.31209
0.35418,0.26653,0.31383,0.29702,0.34568,0.3052,0.28036,0.3262,0.41091,0.32712,0.28663,0.28524,0.33543,0.4075,0.33356,0.34133,0.2997,0.35201,0.31872,0.32521,0.2986,0.32537,0.3241,0.34609,0.27846,0.32193,0.31429,0.28251,0.32711,0.31539,0.27645,0.28647,0.29825,0.33021,0.32272,0.29181,0.28386,0.29402,0.96776,0.2678,0.29668,0.72145,0.92125,0.28864,0.29413,0.32662,0.31389,0.32158,0.34036,0.299
0.35552,0.23904,0.31412,0.32739,0.31944,0.2434,0.27798,0.32027,0.49721,0.44998,0.23056,0.29662,0.30958,0.35744,0.30507,0.34135,0.29759,0.29134,0.42683,0.25954,0.36508,0.3481,0.26906,0.32347,0.26169,0.31013,0.32227,0.28918,0.32356,0.36386,0.32002,0.29607,0.29097,0.31806,0.29344,0.31078,0.29183,0.28389,0.84531,0.27728,0.34586,0.70311,0.819,0.29339,0.28918,0.35388,0.31308,0.29212,0.42289,0.30446
0.26194,0.23987,0.33596,0.27845,0.25983,0.2376,0.23695,0.27091,0.32348,0.33719,0.24511,0.27111,0.25095,0.27289,0.25682,0.28147,0.27848,0.29323,0.29708,0.29614,0.27288,0.26992,0.24236,0.29275,0.22099,0.22377,0.29179,0.253,0.31124,0.27295,0.33847,0.26294,0.24235,0.31324,0.24139,0.26432,0.27545,0.23725,0.93456,0.28865,0.25803,0.76471,0.91912,0.25313,0.22356,0.25099,0.25849,0.26599,0.33187,0.24371
0.40886,0.38179,0.40666,0.41686,0.41904,0.41856,0.3926,0.41881,0.53635,0.45467,0.35505,0.38686,0.43711,0.48519,0.44971,0.42544,0.38825,0.38299,0.46375,0.37442,0.47192,0.44025,0.39867,0.45676,0.39956,0.39467,0.40177,0.37677,0.46523,0.38236,0.4151,0.3936,0.39031,0.46003,0.38412,0.41964,0.4135,0.38112,0.91688,0.37122,0.4253,0.65811,0.88487,0.44667,0.39277,0.42728,0.41674,0.43266,0.48569,0.42253
0.38609,0.35987,0.33068,0.33758,0.33441,0.29099,0.31562,0.33057,0.35025,0.37333,0.28695,0.33474,0.30356,0.38053,0.35574,0.33959,0.30869,0.3724,0.37484,0.31876,0.35296,0.36975,0.31985,0.37415,0.25745,0.36555,0.35798,0.31919,0.31005,0.35665,0.33954,0.31041,0.37284,0.3884,0.29467,0.33375,0.3521,0.3366,0.96046,0.34825,0.33116,0.67373,0.95569,0.33212,0.32747,0.34124,0.35117,0.32559,0.3514,0.29666
0.40876,0.36268,0.36799,0.36689,0.35853,0.31299,0.31388,0.3615,0.40719,0.41219,0.36872,0.32787,0.38444,0.44867,0.38604,0.38898,0.33795,0.41477,0.44455,0.34794,0.38294,0.38758,0.35469,0.36981,0.31402,0.35712,0.37748,0.37323,0.35171,0.39122,0.38078,0.34884,0.40023,0.37891,0.38495,0.40382,0.35708,0.35308,0.93907,0.38243,0.36076,0.66393,0.90337,0.35196,0.35661,0.35158,0.37095,0.33313,0.45783,0.32295
0.38205,0.37466,0.42069,0.35033,0.3475,0.34131,0.3574,0.3596,0.46943,0.43736,0.3162,0.34989,0.37556,0.47432,0.34702,0.33632,0.36579,0.35235,0.4437,0.33266,0.37069,0.36778,0.31422,0.38515,0.29213,0.34315,0.37846,0.33853,0.37793,0.40796,0.37554,0.32072,0.38889,0.36932,0.38333,0.33975,0.35479,0.35809,0.88769,0.32394,0.41296,0.68757,0.8922,0.32086,0.33116,0.37028,0.35641,0.32865,0.4291,0.32907
0.22319,0.16382,0.22418,0.18569,0.21491,0.17309,0.17986,0.20373,0.32655,0.29443,0.17992,0.2083,0.14313,0.2457,0.20492,0.17393,0.22754,0.22136,0.29253,0.19772,0.23951,0.22234,0.19092,0.20298,0.14663,0.17056,0.16922,0.15673,0.21425,0.2131,0.21671,0.17955,0.17471,0.18261,0.18965,0.2381,0.16684,0.17108,0.88926,0.19708,0.23049,0.87793,0.83529,0.19135,0.18251,0.22277,0.19615,0.20048,0.31573,0.13643
0.40074,0.33616,0.33768,0.34545,0.32658,0.35292,0.34906,0.34706,0.47415,0.41489,0.31468,0.31738,0.32588,0.3948,0.35798,0.37794,0.36328,0.3706,0.369,0.35014,0.3471,0.38818,0.34827,0.3779,0.28877,0.30755,0.34921,0.31654,0.37729,0.3675,0.34912,0.30833,0.38053,0.39754,0.38579,0.36836,0.36094,0.34204,0.92154,0.34864,0.35446,0.64885,0.92173,0.33337,0.3248,0.31442,0.3977,0.35603,0.4226,0.36334
0.26782,0.23904,0.21887,0.22721,0.22492,0.22901,0.21502,0.20691,0.3144,0.24337,0.17515,0.21415,0.16757,0.30662,0.22664,0.2238,0.18176,0.19863,0.26249,0.19832,0.27064,0.20033,0.21945,0.25355,0.13598,0.20028,0.22734,0.2096,0.23007,0.26115,0.21117,0.18509,0.21781,0.25095,0.18397,0.25856,0.20904,0.23709,0.96908,0.18202,0.23587,0.83076,0.94635,0.19696,0.20732,0.20809,0.21555,0.19985,0.22858,0.19485
0.39415,0.34673,0.37496,0.34741,0.35578,0.32024,0.35907,0.33396,0.44398,0.43541,0.29127,0.33244,0.35019,0.42194,0.37885,0.35334,0.32621,0.34902,0.39707,0.32593,0.36726,0.36489,0.35989,0.37544,0.29061,0.32443,0.34737,0.31518,0.38161,0.35545,0.35482,0.32294,0.35333,0.33134,0.3472,0.31094,0.30725,0.31817,0.88259,0.3068,0.32834,0.70856,0.84055,0.29504,0.33419,0.3165,0.35153,0.34423,0.46153,0.3195
0.36277,0.29453,0.32038,0.33954,0.36412,0.3195,0.32035,0.36338,0.37253,0.35999,0.28522,0.35016,0.34588,0.42466,0.37079,0.35828,0.29662,0.32727,0.35778,0.32427,0.34688,0.35654,0.30582,0.3757,0.30097,0.34416,0.35423,0.30842,0.31108,0.38333,0.36773,0.31399,0.30605,0.365,0.34916,0.32728,0.30266,0.36905,0.92318,0.35386,0.3807,0.69176,0.91126,0.34385,0.29578,0.32837,0.39796,0.33261,0.39062,0.34223
0.24815,0.17242,0.17605,0.24603,0.22363,0.21326,0.17975,0.24362,0.29288,0.24137,0.18421,0.19761,0.21845,0.27681,0.20729,0.18352,0.23569,0.20786,0.26273,0.17485,0.21668,0.21269,0.23242,0.25095,0.15501,0.15851,0.22263,0.14625,0.1969,0.23078,0.21256,0.19806,0.24585,0.20426,0.22437,0.22096,0.12522,0.18944,0.92558,0.17793,0.16733,0.81404,0.90777,0.22375,0.14751,0.18342,0.19198,0.2126,0.22449,0.15624
0.40679,0.38234,0.40283,0.43408,0.40909,0.39196,0.40034,0.39592,0.48448,0.45188,0.39818,0.40674,0.42135,0.49422,0.38908,0.43534,0.38146,0.42512,0.48591,0.34341,0.44084,0.41296,0.38878,0.42479,0.3576,0.38211,0.42999,0.38811,0.42267,0.42953,0.42791,0.41503,0.43353,0.41857,0.41676,0.41528,0.38617,0.39543,0.93202,0.42031,0.40888,0.61556,0.90088,0.40485,0.37967,0.39052,0.39223,0.42521,0.47872,0.40982
0.31439,0.26651,0.29536,0.28958,0.26922,0.23227,0.25917,0.28425,0.40451,0.34493,0.23468,0.27678,0.26912,0.38962,0.28227,0.28217,0.27693,0.29849,0.31425,0.23927,0.24574,0.25086,0.24903,0.28172,0.21477,0.28814,0.26926,0.28975,0.29708,0.25208,0.25051,0.24626,0.23313,0.21682,0.231,0.28909,0.27729,0.27261,0.91991,0.24461,0.2806,0.75516,0.88772,0.22665,0.22413,0.30705,0.32497,0.30624,0.31992,0.23743
0.34799,0.28186,0.29745,0.30232,0.30986,0.24806,0.27015,0.31075,0.48664,0.42653,0.28255,0.29536,0.29325,0.3833,0.31906,0.32857,0.28508,0.34667,0.3884,0.27789,0.37613,0.34034,0.26674,0.32704,0.23708,0.308,0.34893,0.29685,0.31244,0.30581,0.3523,0.28178,0.31129,0.36737,0.29997,0.34088,0.30969,0.31162,0.88427,0.30251,0.34958,0.72805,0.82411,0.31459,0.30942,0.34924,0.30565,0.29501,0.44629,0.27036
0.37383,0.32535,0.33264,0.35807,0.32004,0.32245,0.31576,0.35529,0.42558,0.39445,0.31118,0.31722,0.31606,0.38777,0.3484,0.33569,0.33403,0.36587,0.41855,0.33282,0.32012,0.32901,0.34764,0.35104,0.32076,0.32536,0.34798,0.30714,0.33899,0.35434,0.34058,0.36315,0.35507,0.40158,0.30321,0.37965,0.34971,0.31305,0.91207,0.32244,0.40015,0.68013,0.85593,0.33695,0.31379,0.37475,0.2863,0.34838,0.37675,0.34821
0.37604,0.32464,0.37506,0.35123,0.3558,0.32687,0.30413,0.37316,0.39577,0.3663,0.32343,0.34432,0.36604,0.41531,0.3922,0.3648,0.32862,0.37528,0.36484,0.32142,0.38676,0.37037,0.32131,0.33919,0.30036,0.32944,0.35675,0.29778,0.36421,0.33234,0.33662,0.29351,0.37311,0.36626,0.33616,0.34301,0.2881,0.32241,0.97071,0.32304,0.36562,0.66408,0.91697,0.35311,0.29344,0.35784,0.33203,0.32923,0.36064,0.33555
0.391,0.35553,0.37126,0.38404,0.38468,0.35738,0.36433,0.41196,0.47346,0.41041,0.34143,0.35619,0.32024,0.41986,0.40289,0.42107,0.37344,0.40267,0.43581,0.34981,0.39699,0.38501,0.36121,0.36999,0.33203,0.38016,0.38623,0.35316,0.37919,0.41453,0.38543,0.3361,0.37687,0.39518,0.36922,0.37943,0.33728,0.35319,0.9535,0.36415,0.41456,0.6612,0.89534,0.36883,0.36003,0.38364,0.39547,0.39681,0.42458,0.37383
0.34953,0.26922,0.29334,0.31683,0.3457,0.31508,0.29012,0.29521,0.40485,0.39008,0.26315,0.3047,0.36324,0.41463,0.3184,0.33394,0.2644,0.32235,0.37002,0.30323,0.36144,0.33339,0.29374,0.33312,0.25969,0.31079,0.3261,0.26967,0.26431,0.37357,0.31721,0.26802,0.32482,0.3917,0.29489,0.30558,0.27456,0.29134,0.89079,0.32846,0.36313,0.71052,0.84878,0.32617,0.27976,0.35295,0.35293,0.31541,0.35983,0.29662
0.31861,0.29193,0.31454,0.26932,0.29803,0.23143,0.26154,0.29595,0.43224,0.37709,0.21951,0.27188,0.24002,0.35947,0.29446,0.31569,0.23107,0.28945,0.33627,0.23654,0.30028,0.26111,0.27904,0.25131,0.18413,0.25211,0.28315,0.23198,0.32154,0.28343,0.28316,0.25265,0.25608,0.2686,0.29474,0.27309,0.19653,0.23517,0.88937,0.25228,0.33091,0.75167,0.839,0.23851,0.26582,0.25475,0.25327,0.24029,0.37175,0.23248
0.28155,0.24358,0.22109,0.26215,0.24982,0.22643,0.2245,0.25439,0.39399,0.42006,0.17679,0.22937,0.23556,0.37137,0.25822,0.29426,0.22575,0.27826,0.37896,0.19455,0.30072,0.23883,0.2799,0.24825,0.21749,0.26264,0.23065,0.21953,0.24744,0.25401,0.28622,0.21418,0.31225,0.26319,0.24629,0.25623,0.22071,0.24414,0.84859,0.19566,0.26539,0.77355,0.79759,0.19752,0.2215,0.23846,0.27292,0.25801,0.39413,0.23096
0.31602,0.2682,0.33203,0.28877,0.31663,0.3062,0.27376,0.30563,0.37714,0.34399,0.2258,0.26986,0.28018,0.38784,0.2733,0.30582,0.27192,0.31927,0.32404,0.27723,0.3009,0.30754,0.26708,0.33387,0.21906,0.29344,0.2935,0.27515,0.28303,0.30954,0.30055,0.24673,0.34748,0.28876,0.24346,0.32578,0.24949,0.27214,0.93667,0.26497,0.31643,0.73871,0.9085,0.27188,0.29941,0.27839,0.28547,0.29383,0.35055,0.26695
0.40317,0.39853,0.44296,0.41569,0.39081,0.3625,0.38837,0.40231,0.50889,0.4726,0.33903,0.37661,0.42129,0.43678,0.39004,0.45418,0.395,0.41724,0.49188,0.3702,0.40121,0.43059,0.39704,0.41714,0.35965,0.36729,0.3999,0.37857,0.3994,0.38104,0.40858,0.37837,0.36113,0.44109,0.4055,0.37917,0.4047,0.42056,0.86286,0.38437,0.41218,0.62114,0.88274,0.36208,0.3662,0.39754,0.38983,0.41392,0.51366,0.36547
0.42728,0.35726,0.38813,0.41334,0.38133,0.36402,0.37313,0.38542,0.47091,0.43074,0.36909,0.37637,0.43106,0.49818,0.39774,0.45524,0.3802,0.37939,0.42999,0.40256,0.40628,0.36112,0.35993,0.40451,0.36242,0.39498,0.40843,0.37429,0.37074,0.39507,0.41341,0.38057,0.44198,0.41006,0.37327,0.42246,0.36373,0.38734,0.9762,0.35588,0.41112,0.63083,0.92654,0.39353,0.36268,0.36373,0.37807,0.41902,0.43299,0.42444
0.30214,0.23209,0.30026,0.25845,0.22578,0.29958,0.23156,0.26511,0.39199,0.31917,0.25628,0.23024,0.23723,0.32375,0.29366,0.28871,0.25571,0.32034,0.30959,0.23824,0.29262,0.25619,0.24977,0.26827,0.2188,0.27853,0.2703,0.24504,0.23896,0.25306,0.26356,0.24085,0.28862,0.27539,0.21778,0.31667,0.2324,0.2272,0.89881,0.24861,0.28054,0.7727,0.90252,0.26484,0.21722,0.24116,0.25482,0.29045,0.3056,0.2354
0.31358,0.26294,0.28514,0.29912,0.24798,0.25445,0.28356,0.28426,0.39923,0.3615,0.25781,0.28478,0.26831,0.30917,0.31942,0.33282,0.25686,0.34831,0.32169,0.22749,0.28883,0.30717,0.27435,0.31709,0.18324,0.26356,0.26949,0.25988,0.26683,0.26944,0.28159,0.22458,0.26808,0.23691,0.26196,0.26333,0.25816,0.26816,0.90074,0.25077,0.25577,0.75412,0.8913,0.33007,0.22217,0.25464,0.28466,0.26847,0.34961,0.27194
0.39274,0.36904,0.33982,0.36757,0.37361,0.35127,0.3633,0.37462,0.57944,0.51443,0.29964,0.34474,0.37122,0.43603,0.37534,0.331,0.34007,0.39131,0.50063,0.35365,0.41044,0.38482,0.35055,0.35748,0.31095,0.31996,0.37684,0.33727,0.37761,0.39894,0.37435,0.32963,0.34588,0.38442,0.34918,0.36895,0.34905,0.30908,0.81751,0.34803,0.37734,0.67728,0.79831,0.378,0.32805,0.3629,0.37392,0.39896,0.47039,0.3296
0.45495,0.38451,0.46206,0.41287,0.42689,0.41521,0.3505,0.44743,0.54525,0.43623,0.40312,0.36833,0.36632,0.49318,0.43806,0.4547,0.4173,0.3858,0.42139,0.41037,0.45793,0.43444,0.40857,0.41294,0.3971,0.41595,0.40159,0.40772,0.42304,0.44041,0.42316,0.40013,0.40826,0.43765,0.44277,0.4172,0.40174,0.38874,0.9274,0.40963,0.45176,0.61336,0.89049,0.45284,0.39059,0.39098,0.43675,0.4014,0.46388,0.4153
0.46069,0.38647,0.43118,0.40582,0.40799,0.38162,0.38621,0.39159,0.52368,0.46419,0.40745,0.41055,0.39329,0.43692,0.41553,0.42063,0.4252,0.41127,0.47066,0.36691,0.40704,0.42375,0.41518,0.41808,0.34989,0.38905,0.40343,0.37868,0.41006,0.41361,0.39984,0.39143,0.4448,0.42077,0.43335,0.40368,0.37705,0.36132,0.90014,0.3923,0.42594,0.60527,0.89511,0.4232,0.39198,0.42813,0.41299,0.40683,0.46154,0.36695
0.39233,0.30035,0.34696,0.33079,0.34783,0.3394,0.36043,0.27187,0.41878,0.34052,0.30014,0.3,0.28903,0.38705,0.348,0.33318,0.30753,0.32392,0.36808,0.31034,0.345,0.33899,0.31108,0.31151,0.29466,0.33667,0.34433,0.31766,0.32442,0.36279,0.32587,0.3015,0.38616,0.38393,0.29381,0.31583,0.31234,0.33627,0.95569,0.32132,0.35972,0.70967,0.92998,0.3261,0.30713,0.30686,0.3462,0.33782,0.3558,0.29795
0.26339,0.28171,0.28958,0.29354,0.28246,0.31695,0.23785,0.28427,0.42301,0.38555,0.22694,0.29191,0.2852,0.35945,0.27505,0.30674,0.27291,0.32691,0.33693,0.2568,0.30672,0.28681,0.2586,0.27052,0.21601,0.29962,0.29071,0.29527,0.3305,0.33248,0.2661,0.25678,0.32423,0.34102,0.25099,0.28334,0.26823,0.25442,0.90844,0.26148,0.29521,0.74151,0.87771,0.33276,0.29779,0.28317,0.26216,0.28997,0.37078,0.27972
0.36552,0.35034,0.41468,0.39486,0.38742,0.35542,0.34854,0.36773,0.47433,0.47779,0.31741,0.36915,0.37131,0.4574,0.35305,0.4109,0.35572,0.37393,0.42711,0.31835,0.40398,0.3953,0.38176,0.36741,0.33616,0.34661,0.33885,0.33266,0.38599,0.46073,0.38982,0.36158,0.37942,0.42102,0.36237,0.40481,0.34939,0.36336,0.88524,0.37459,0.4023,0.64441,0.8427,0.40141,0.35222,0.38952,0.3815,0.39604,0.44314,0.33189
0.25771,0.20802,0.27609,0.20901,0.23053,0.23907,0.21125,0.19336,0.26235,0.28976,0.23591,0.22042,0.21878,0.25991,0.21725,0.21515,0.23545,0.19922,0.27456,0.1932,0.26074,0.23645,0.1939,0.2452,0.19374,0.23354,0.22811,0.18471,0.22542,0.21745,0.20523,0.18844,0.24644,0.24844,0.21072,0.20549,0.17226,0.21232,0.90022,0.19184,0.20748,0.82622,0.87461,0.19147,0.17552,0.22731,0.18712,0.19383,0.27069,0.19342
0.28302,0.21522,0.29284,0.24821,0.23708,0.23005,0.24697,0.25285,0.40541,0.40133,0.22054,0.23076,0.24304,0.34811,0.24319,0.29172,0.25469,0.2362,0.38994,0.26206,0.24842,0.21656,0.25782,0.20662,0.17104,0.2677,0.24045,0.21121,0.24672,0.22834,0.22709,0.23341,0.2998,0.27033,0.25646,0.23963,0.21656,0.21095,0.82859,0.2115,0.29043,0.79413,0.76916,0.26652,0.22285,0.24594,0.26533,0.26106,0.37806,0.18111
0.31974,0.27385,0.32362,0.24804,0.31929,0.2874,0.2481,0.29576,0.35805,0.30436,0.24174,0.22884,0.29715,0.33219,0.25696,0.32337,0.30219,0.3045,0.28676,0.28494,0.27614,0.28332,0.26845,0.2656,0.23079,0.23975,0.24635,0.25436,0.22182,0.29035,0.30448,0.22502,0.31716,0.29674,0.25043,0.24537,0.23124,0.25726,0.91869,0.27596,0.29478,0.78134,0.92551,0.25286,0.24798,0.26107,0.2908,0.27306,0.32738,0.2298
0.27578,0.21185,0.25346,0.21696,0.21831,0.26207,0.21773,0.21401,0.28374,0.30874,0.13183,0.22736,0.25423,0.29697,0.24391,0.2817,0.21119,0.24211,0.29762,0.18251,0.25089,0.20898,0.1872,0.25034,0.15978,0.20371,0.20769,0.19893,0.16913,0.22401,0.24237,0.18003,0.21138,0.23837,0.19349,0.23493,0.2194,0.20584,0.91513,0.19192,0.17026,0.79668,0.87738,0.21547,0.20148,0.21828,0.20368,0.19019,0.29959,0.21045
0.24877,0.20417,0.21716,0.23291,0.23361,0.20602,0.20624,0.25123,0.28814,0.28102,0.12715,0.19517,0.17901,0.28521,0.22005,0.25579,0.21391,0.2251,0.24132,0.18829,0.25988,0.20439,0.1649,0.24813,0.14939,0.23827,0.22848,0.2184,0.25855,0.22242,0.24599,0.19356,0.29147,0.21796,0.27403,0.24225,0.15817,0.16394,0.92142,0.17703,0.22377,0.80605,0.89402,0.19151,0.14777,0.21575,0.20941,0.25359,0.25864,0.20395
0.30798,0.30199,0.31751,0.32551,0.32565,0.29753,0.30183,0.31218,0.43241,0.37957,0.28139,0.26636,0.28216,0.392,0.30315,0.3203,0.28497,0.26315,0.38789,0.29746,0.361,0.34451,0.27466,0.29847,0.26248,0.27733,0.30192,0.2696,0.29559,0.33593,0.30216,0.29472,0.32518,0.33881,0.27679,0.32895,0.2537,0.27361,0.90793,0.3016,0.31977,0.68984,0.88854,0.27319,0.27795,0.27058,0.2634,0.33747,0.38077,0.27386
0.2937,0.26993,0.2532,0.28928,0.30856,0.26117,0.23721,0.26932,0.3898,0.3597,0.22123,0.25892,0.31855,0.40582,0.27282,0.25499,0.25969,0.31646,0.34985,0.26827,0.33607,0.26655,0.26279,0.24975,0.21981,0.21752,0.28172,0.246,0.25337,0.26568,0.25592,0.25869,0.287,0.30057,0.25936,0.27721,0.2426,0.27189,0.88898,0.22278,0.32496,0.76085,0.85639,0.2625,0.23955,0.26926,0.27249,0.25588,0.34749,0.26346
0.35579,0.34956,0.36089,0.36699,0.35274,0.30036,0.31837,0.35416,0.45704,0.42446,0.31665,0.33257,0.38346,0.408,0.35684,0.35602,0.32463,0.38191,0.41453,0.33036,0.35074,0.35447,0.3458,0.35026,0.27946,0.31871,0.36572,0.31305,0.32985,0.34231,0.38515,0.32481,0.38147,0.386,0.37152,0.33516,0.32749,0.39005,0.9024,0.34987,0.35049,0.67321,0.85476,0.34056,0.3049,0.36059,0.36818,0.36495,0.41928,0.33319
0.33858,0.2911,0.31258,0.29568,0.34065,0.28868,0.28587,0.28873,0.35984,0.35297,0.23439,0.28156,0.29373,0.36266,0.29362,0.35182,0.27075,0.33359,0.33148,0.29397,0.32543,0.32234,0.26567,0.29433,0.24974,0.28915,0.26947,0.25812,0.30786,0.29412,0.32255,0.28483,0.29933,0.344,0.29214,0.32531,0.28684,0.25386,0.95289,0.26354,0.30758,0.69999,0.905,0.29669,0.25436,0.30035,0.29269,0.33753,0.34172,0.26516
0.3896,0.36567,0.38191,0.40692,0.3862,0.393,0.34466,0.3964,0.49906,0.44377,0.35444,0.37305,0.42611,0.45048,0.45014,0.42843,0.37069,0.39394,0.44169,0.37836,0.34782,0.40494,0.39964,0.39279,0.36871,0.38763,0.37477,0.33362,0.40082,0.37412,0.4048,0.37622,0.40658,0.3956,0.4016,0.38684,0.36725,0.38527,0.96399,0.35688,0.3885,0.63209,0.91095,0.39688,0.35784,0.41318,0.38001,0.40407,0.42095,0.37151
0.3425,0.29522,0.32418,0.28443,0.32158,0.30778,0.30763,0.30503,0.37044,0.36601,0.21728,0.27141,0.3528,0.37567,0.31882,0.32011,0.25962,0.31944,0.35377,0.25251,0.34715,0.32192,0.29184,0.29751,0.26761,0.31256,0.29252,0.26687,0.29713,0.35722,0.32206,0.30409,0.28456,0.3381,0.27088,0.31834,0.26057,0.23173,0.91757,0.28067,0.30517,0.72106,0.87771,0.23573,0.27146,0.28623,0.26891,0.33996,0.34851,0.25833
0.38252,0.31026,0.40371,0.33104,0.31396,0.33875,0.35856,0.36603,0.48043,0.4088,0.27446,0.3464,0.31429,0.3878,0.34627,0.38492,0.33216,0.39074,0.36275,0.30997,0.39022,0.35103,0.2936,0.33832,0.31617,0.35881,0.35722,0.29676,0.35465,0.32431,0.33392,0.30142,0.32394,0.38016,0.31589,0.31531,0.30875,0.32933,0.95524,0.36835,0.37475,0.64433,0.90433,0.34881,0.32695,0.33461,0.32375,0.32623,0.37031,0.36609
0.35096,0.30072,0.31983,0.32335,0.34154,0.35439,0.34771,0.29812,0.47253,0.4453,0.2868,0.32486,0.31989,0.38761,0.3185,0.36813,0.3152,0.32209,0.43428,0.30092,0.33572,0.33263,0.33542,0.37081,0.2674,0.31348,0.29519,0.31006,0.32335,0.32641,0.32466,0.31518,0.29648,0.35192,0.30978,0.31562,0.31725,0.28976,0.8779,0.28708,0.32091,0.72168,0.81464,0.30374,0.30287,0.31083,0.34425,0.30043,0.44953,0.28242
0.37416,0.33919,0.36532,0.3399,0.38021,0.35052,0.3198,0.41252,0.38932,0.38967,0.32147,0.32374,0.35885,0.4035,0.35232,0.3697,0.34067,0.39509,0.39725,0.34685,0.36885,0.37443,0.35653,0.39238,0.27451,0.35223,0.35205,0.32699,0.35484,0.3983,0.36406,0.32263,0.35346,0.40811,0.3109,0.30464,0.31768,0.37232,0.92513,0.30904,0.39647,0.67162,0.90133,0.36135,0.33801,0.27868,0.36193,0.35125,0.41999,0.33198
0.2479,0.1847,0.24303,0.2375,0.24251,0.23582,0.22211,0.23184,0.31526,0.30444,0.16654,0.21146,0.23443,0.31393,0.20407,0.26412,0.22316,0.27489,0.26412,0.17959,0.28881,0.25851,0.22094,0.32073,0.1517,0.23192,0.23626,0.19668,0.23258,0.23045,0.26397,0.20505,0.21964,0.24057,0.22846,0.23078,0.24605,0.21638,0.90902,0.19991,0.19864,0.81188,0.89112,0.2065,0.17736,0.19642,0.21534,0.20273,0.31769,0.23141
0.35833,0.34526,0.3461,0.35117,0.35928,0.32439,0.31641,0.3511,0.52839,0.43538,0.30115,0.32856,0.40286,0.43774,0.36569,0.35982,0.33253,0.35677,0.45828,0.35277,0.34955,0.35956,0.3066,0.37409,0.3031,0.31355,0.35902,0.33467,0.35869,0.38491,0.37348,0.30631,0.39398,0.41054,0.348,0.33543,0.33074,0.31446,0.86455,0.32783,0.34579,0.70728,0.8236,0.34532,0.32478,0.34193,0.3686,0.34818,0.44966,0.33634
0.30873,0.23739,0.27426,0.27067,0.25534,0.25641,0.21826,0.29096,0.36917,0.34254,0.22405,0.22999,0.24284,0.34301,0.27302,0.30038,0.2462,0.22426,0.30663,0.22628,0.23246,0.26637,0.25442,0.26468,0.17312,0.24216,0.26253,0.24477,0.26758,0.30056,0.26644,0.23757,0.27393,0.27041,0.30868,0.22299,0.21255,0.22935,0.88561,0.20648,0.29843,0.73675,0.87763,0.25406,0.225,0.25897,0.25207,0.23681,0.31192,0.22016
0.27712,0.25345,0.32531,0.2743,0.31405,0.23263,0.25174,0.28465,0.48478,0.445,0.18859,0.25309,0.23105,0.35336,0.24053,0.29507,0.23938,0.31937,0.42507,0.26476,0.28649,0.2848,0.2782,0.2421,0.23186,0.26986,0.29354,0.24959,0.29844,0.28205,0.29022,0.26282,0.27519,0.26424,0.28807,0.27671,0.2561,0.27082,0.80066,0.23935,0.26183,0.74944,0.75616,0.26323,0.24129,0.26505,0.25401,0.26266,0.43541,0.25101
0.31916,0.25295,0.30567,0.27795,0.24169,0.24234,0.27212,0.19342,0.376,0.32269,0.23608,0.24693,0.27665,0.34624,0.29578,0.30198,0.28387,0.32521,0.31933,0.21583,0.29362,0.28468,0.25036,0.30171,0.22346,0.26197,0.27906,0.23389,0.28159,0.27164,0.28628,0.25765,0.23255,0.34875,0.27819,0.28857,0.2322,0.25086,0.89863,0.24896,0.24849,0.74467,0.87658,0.27449,0.22651,0.29228,0.25788,0.2717,0.30914,0.22511
0.49998,0.43126,0.4569,0.48188,0.47332,0.42916,0.46258,0.49038,0.59595,0.53404,0.40489,0.45126,0.48084,0.53865,0.47335,0.4932,0.46441,0.47342,0.55206,0.39797,0.51125,0.43964,0.45542,0.49968,0.42487,0.4277,0.43953,0.41419,0.45262,0.46011,0.46773,0.42854,0.48655,0.49821,0.44826,0.49908,0.42703,0.47219,0.91166,0.4234,0.49807,0.568,0.85172,0.44203,0.45054,0.47538,0.47946,0.49929,0.53828,0.4744
0.51852,0.46745,0.50387,0.51815,0.47604,0.43714,0.47225,0.47519,0.60769,0.55484,0.44638,0.48436,0.50044,0.57441,0.5179,0.49354,0.44001,0.50548,0.5706,0.46047,0.48988,0.52301,0.49215,0.48211,0.44318,0.48877,0.4851,0.45967,0.47997,0.51046,0.47839,0.47492,0.51936,0.50799,0.48009,0.46263,0.4723,0.4766,0.92064,0.46116,0.50707,0.54253,0.86959,0.49327,0.47198,0.46309,0.48832,0.47416,0.5958,0.48853
0.25617,0.19494,0.24455,0.22633,0.17573,0.17435,0.1804,0.23255,0.31293,0.24228,0.15147,0.19632,0.22316,0.36513,0.21953,0.21832,0.15878,0.26306,0.28895,0.23087,0.23812,0.23194,0.25649,0.24975,0.1566,0.19713,0.21371,0.20374,0.16368,0.22889,0.20648,0.18385,0.2628,0.23665,0.21182,0.23075,0.15684,0.17167,0.95592,0.17149,0.26367,0.81595,0.91493,0.13527,0.15944,0.19244,0.19828,0.22165,0.25063,0.14524
0.46066,0.41122,0.43076,0.38572,0.41278,0.38724,0.4059,0.41521,0.52907,0.45543,0.37133,0.41931,0.424,0.50183,0.43578,0.40054,0.37535,0.4028,0.46397,0.40096,0.42836,0.42408,0.38952,0.4244,0.33269,0.41769,0.40462,0.39813,0.39373,0.42876,0.42917,0.37285,0.45031,0.41162,0.4172,0.4207,0.40649,0.40612,0.91992,0.38822,0.41266,0.61686,0.90786,0.43095,0.39444,0.38898,0.4238,0.43374,0.47817,0.37302
0.31931,0.28627,0.24703,0.32756,0.32609,0.29136,0.29705,0.29749,0.44059,0.39131,0.27124,0.30979,0.31716,0.39715,0.33039,0.34139,0.32701,0.31912,0.40741,0.29364,0.3106,0.33763,0.27096,0.30164,0.2325,0.2961,0.32082,0.28649,0.28775,0.34654,0.31736,0.26578,0.31901,0.35498,0.29017,0.30839,0.2949,0.26402,0.9123,0.25202,0.31437,0.70366,0.89912,0.35447,0.30889,0.29309,0.2989,0.29416,0.40474,0.30661
0.28398,0.25198,0.29628,0.28249,0.24758,0.27485,0.23943,0.24723,0.41551,0.28484,0.20595,0.24355,0.21677,0.30645,0.25454,0.27942,0.23115,0.29608,0.28353,0.2344,0.2895,0.28541,0.25174,0.30406,0.20223,0.24674,0.27105,0.23997,0.2491,0.25151,0.304,0.24627,0.19623,0.30755,0.30764,0.30305,0.24702,0.24587,0.91895,0.26577,0.22426,0.75229,0.89454,0.27065,0.21367,0.18708,0.27267,0.25325,0.30333,0.2378
0.24875,0.20037,0.19488,0.17915,0.23817,0.14886,0.20163,0.18255,0.31753,0.2994,0.17358,0.18317,0.16145,0.25007,0.20976,0.236,0.17492,0.20069,0.26543,0.16921,0.19987,0.20747,0.24453,0.16434,0.15269,0.19314,0.18549,0.19093,0.17462,0.25361,0.22394,0.18536,0.18233,0.24306,0.15642,0.23959,0.17514,0.18076,0.86913,0.19284,0.22934,0.85225,0.82402,0.18385,0.15206,0.17214,0.18221,0.15529,0.30318,0.15761
0.36479,0.33905,0.38865,0.37908,0.36826,0.36791,0.2934,0.30682,0.44864,0.39873,0.31109,0.3347,0.35495,0.42072,0.39362,0.38379,0.33692,0.33781,0.36476,0.33382,0.37783,0.41114,0.35521,0.36218,0.365,0.3421,0.33801,0.32793,0.37673,0.35727,0.34853,0.29987,0.35536,0.34507,0.34357,0.39103,0.32321,0.37956,0.92498,0.33746,0.40892,0.63367,0.90897,0.38131,0.35399,0.36263,0.34362,0.39332,0.41433,0.33817
0.34829,0.31944,0.34409,0.32453,0.32275,0.29612,0.30769,0.36044,0.43355,0.44121,0.255,0.28076,0.34666,0.40422,0.34741,0.35716,0.32406,0.38529,0.39587,0.30661,0.35755,0.34081,0.31974,0.3225,0.26139,0.31482,0.34288,0.33695,0.34853,0.33403,0.36322,0.28458,0.39282,0.35034,0.35653,0.335,0.31725,0.29889,0.9031,0.30415,0.34503,0.70569,0.87873,0.34266,0.30336,0.34505,0.31702,0.33678,0.39319,0.33068
0.38294,0.35139,0.42238,0.35998,0.35787,0.3706,0.33176,0.35649,0.59923,0.59071,0.28461,0.34469,0.38103,0.41118,0.36376,0.37505,0.30438,0.36758,0.5472,0.35197,0.39609,0.39653,0.35304,0.36751,0.28641,0.32689,0.37019,0.33942,0.36059,0.40503,0.38349,0.34595,0.35488,0.34819,0.32705,0.35783,0.35199,0.33508,0.76081,0.37398,0.38767,0.67212,0.72943,0.37701,0.29137,0.36155,0.39148,0.35961,0.54854,0.3461
0.38236,0.33481,0.35055,0.37807,0.39766,0.34749,0.34612,0.34313,0.49693,0.45347,0.28714,0.35083,0.36738,0.41178,0.35343,0.3955,0.33639,0.37541,0.46294,0.33901,0.40134,0.38613,0.30238,0.38681,0.28775,0.3565,0.36183,0.34744,0.33722,0.40821,0.41965,0.33469,0.31898,0.36765,0.35026,0.38247,0.34197,0.34336,0.90888,0.34328,0.40547,0.67951,0.86242,0.34609,0.34881,0.35098,0.38606,0.37635,0.44773,0.32503
0.30844,0.2763,0.32969,0.30263,0.27862,0.22359,0.30996,0.28823,0.35021,0.33898,0.24353,0.30033,0.31507,0.38573,0.3181,0.30918,0.26646,0.32453,0.35158,0.27316,0.31805,0.2839,0.26513,0.3204,0.22868,0.29455,0.29784,0.29095,0.30116,0.29917,0.32518,0.28851,0.33075,0.33685,0.28739,0.35598,0.29579,0.2621,0.92282,0.26621,0.30193,0.74136,0.87991,0.26276,0.257,0.30941,0.26427,0.30745,0.35914,0.29148
0.44795,0.41534,0.44743,0.43762,0.44748,0.37449,0.41879,0.46017,0.54491,0.47639,0.34756,0.41473,0.43192,0.46084,0.42616,0.47549,0.42143,0.43075,0.47597,0.40365,0.47442,0.45165,0.43613,0.42288,0.39802,0.39359,0.41833,0.39885,0.42001,0.45768,0.44349,0.39222,0.38859,0.45133,0.42353,0.44615,0.38365,0.3992,0.90546,0.39896,0.45781,0.61407,0.88288,0.41541,0.39395,0.41363,0.39326,0.4634,0.4657,0.42006
0.20433,0.17801,0.20494,0.18114,0.23295,0.18532,0.18381,0.13987,0.3344,0.25354,0.14804,0.19536,0.24782,0.28184,0.20808,0.19876,0.16826,0.14157,0.19723,0.13989,0.24459,0.2186,0.15686,0.20685,0.18212,0.18553,0.18791,0.15042,0.20239,0.2099,0.17508,0.17029,0.15282,0.15623,0.17158,0.17572,0.13366,0.17217,0.92988,0.14503,0.21702,0.84964,0.8795,0.17557,0.14449,0.18514,0.16353,0.19851,0.2235,0.12947
0.36162,0.31792,0.35026,0.3576,0.34756,0.33375,0.32422,0.31707,0.54143,0.46044,0.32672,0.33725,0.37932,0.43184,0.38114,0.36777,0.3339,0.3774,0.46697,0.31862,0.3699,0.36803,0.36065,0.34576,0.2826,0.30969,0.37657,0.31953,0.41311,0.36085,0.40603,0.3579,0.34012,0.36301,0.31322,0.35717,0.3378,0.33069,0.85676,0.34799,0.38997,0.66867,0.78447,0.35054,0.3248,0.31228,0.38737,0.3804,0.47479,0.32138
0.39602,0.38287,0.35272,0.38492,0.4153,0.35875,0.36527,0.3932,0.44976,0.4109,0.34968,0.35373,0.37765,0.44498,0.37794,0.37551,0.36564,0.43225,0.44806,0.37359,0.40125,0.39795,0.37044,0.38004,0.33648,0.38926,0.39957,0.35978,0.36559,0.40135,0.36659,0.33205,0.36354,0.36125,0.39728,0.43803,0.32402,0.35127,0.91034,0.35904,0.40671,0.64107,0.88162,0.36867,0.35942,0.40801,0.38253,0.40094,0.43511,0.34313
0.33141,0.32267,0.37785,0.2898,0.33717,0.31309,0.26099,0.2791,0.36181,0.35531,0.26343,0.26572,0.28269,0.36793,0.27918,0.34931,0.28546,0.26303,0.33669,0.27035,0.31462,0.25238,0.30874,0.30569,0.25435,0.27038,0.27631,0.25778,0.29939,0.31147,0.32671,0.25241,0.31937,0.27823,0.26584,0.29859,0.23211,0.2894,0.91682,0.27998,0.32276,0.75483,0.89,0.28151,0.28716,0.277,0.32589,0.25939,0.35744,0.26159
0.43298,0.37421,0.40588,0.39567,0.40393,0.40664,0.34288,0.39722,0.4782,0.41869,0.33727,0.37539,0.37706,0.44753,0.38605,0.39006,0.37173,0.38388,0.42487,0.3807,0.39406,0.40233,0.39463,0.35333,0.34958,0.38085,0.40286,0.3805,0.37383,0.42229,0.38948,0.35625,0.36181,0.41505,0.37684,0.36935,0.38517,0.40883,0.93546,0.37827,0.39924,0.61269,0.91267,0.41018,0.37681,0.37543,0.39859,0.42451,0.44118,0.36145
0.25176,0.20364,0.25986,0.21559,0.24448,0.19229,0.19647,0.24258,0.39474,0.33531,0.19641,0.2222,0.25496,0.28914,0.26552,0.22782,0.20143,0.21395,0.29144,0.18841,0.2543,0.22234,0.23108,0.21515,0.14817,0.22748,0.21037,0.20327,0.19932,0.22423,0.2182,0.17903,0.22443,0.23587,0.22235,0.22528,0.22534,0.19964,0.87859,0.21339,0.22683,0.82048,0.86164,0.20413,0.16796,0.20501,0.22692,0.20022,0.32573,0.18651
0.39451,0.3448,0.40031,0.39873,0.39158,0.38873,0.36205,0.4281,0.53174,0.5418,0.33671,0.38551,0.38584,0.44936,0.38084,0.39687,0.35904,0.40838,0.52113,0.3611,0.42605,0.39543,0.36406,0.36941,0.32109,0.34755,0.41347,0.34618,0.37737,0.42063,0.37782,0.3668,0.3862,0.4121,0.41582,0.41093,0.40782,0.35823,0.80772,0.38094,0.41435,0.653,0.77675,0.37324,0.35696,0.33987,0.38485,0.41913,0.56632,0.37868
0.42096,0.35137,0.39028,0.38735,0.37047,0.37118,0.36892,0.37562,0.55858,0.498,0.36158,0.32793,0.37567,0.45303,0.38383,0.40406,0.36124,0.40262,0.49925,0.38429,0.43389,0.40709,0.38902,0.41428,0.31621,0.38203,0.3726,0.35802,0.39089,0.39385,0.40874,0.34683,0.3671,0.41715,0.34898,0.3679,0.3521,0.36648,0.83321,0.37007,0.39077,0.63774,0.79028,0.37651,0.34789,0.40134,0.36738,0.36983,0.53446,0.33889
0.28372,0.24755,0.26194,0.26589,0.28084,0.2619,0.25872,0.25419,0.40079,0.31041,0.23862,0.2727,0.27118,0.37548,0.26241,0.32708,0.24202,0.27293,0.26633,0.23069,0.28626,0.28626,0.2539,0.28189,0.17801,0.26831,0.25407,0.22794,0.26491,0.26027,0.27836,0.23012,0.22872,0.30246,0.23278,0.29048,0.21466,0.24211,0.93082,0.22139,0.27404,0.79996,0.86715,0.24116,0.22297,0.25256,0.25656,0.23323,0.31555,0.24775
0.26898,0.21936,0.21289,0.25312,0.22053,0.21627,0.22683,0.19852,0.4176,0.32917,0.18046,0.20127,0.23534,0.34384,0.28616,0.26421,0.24352,0.27679,0.30779,0.19261,0.27382,0.25125,0.23588,0.27743,0.2087,0.22875,0.20932,0.20585,0.2163,0.25404,0.24643,0.22524,0.21034,0.26011,0.23868,0.2704,0.21986,0.22828,0.877,0.16563,0.24947,0.80741,0.89699,0.23181,0.18814,0.25815,0.25078,0.22598,0.28933,0.23122
0.29233,0.23643,0.2305,0.23854,0.24055,0.21451,0.20236,0.25782,0.31021,0.29072,0.21451,0.20577,0.18108,0.32439,0.28551,0.28277,0.24066,0.17988,0.23177,0.18571,0.28033,0.23549,0.22446,0.20415,0.18094,0.19706,0.20435,0.21586,0.24225,0.23556,0.28195,0.17923,0.27878,0.23501,0.27343,0.2476,0.2151,0.23259,0.93984,0.20788,0.21592,0.8272,0.91503,0.18836,0.18312,0.24349,0.22247,0.20544,0.25401,0.22727
0.33627,0.3027,0.35247,0.33664,0.31969,0.29945,0.27692,0.30959,0.43612,0.40025,0.31437,0.26891,0.30044,0.39784,0.29427,0.3197,0.29693,0.32055,0.37366,0.29293,0.33528,0.27781,0.30781,0.35068,0.23391,0.29407,0.31398,0.25219,0.32906,0.26558,0.31945,0.26415,0.29899,0.35395,0.28948,0.30294,0.25642,0.30115,0.8801,0.3194,0.33898,0.69691,0.87901,0.31056,0.28322,0.26431,0.34728,0.30351,0.40162,0.31892
0.3452,0.2932,0.34993,0.31206,0.28866,0.31742,0.30094,0.29831,0.4658,0.39574,0.22621,0.28994,0.27437,0.41336,0.26812,0.32394,0.26389,0.34149,0.38136,0.29901,0.3072,0.30049,0.29344,0.35864,0.29276,0.33046,0.30081,0.28245,0.33833,0.29484,0.33616,0.28089,0.28722,0.29514,0.31956,0.32893,0.29421,0.28584,0.91768,0.25874,0.32095,0.71615,0.87413,0.30065,0.28004,0.28993,0.31612,0.34161,0.36995,0.2506
0.19743,0.17034,0.19051,0.1915,0.18254,0.14336,0.19842,0.1849,0.28821,0.24376,0.17227,0.16244,0.212,0.31901,0.1719,0.19074,0.20825,0.18777,0.18509,0.15916,0.20906,0.17963,0.18514,0.22995,0.13789,0.14852,0.15552,0.17251,0.16111,0.19949,0.19374,0.15463,0.18818,0.20042,0.21115,0.19684,0.17467,0.15056,0.9411,0.15658,0.18244,0.84782,0.89572,0.17002,0.16525,0.17352,0.17213,0.17106,0.22204,0.13683
0.47674,0.41225,0.49265,0.43826,0.47426,0.44074,0.42095,0.44557,0.58488,0.52127,0.39454,0.43697,0.4753,0.52949,0.44128,0.48964,0.40508,0.4384,0.53074,0.38386,0.48698,0.47169,0.47524,0.4181,0.40508,0.4144,0.41952,0.43911,0.45965,0.49299,0.44004,0.44137,0.43751,0.45057,0.4533,0.45338,0.45206,0.46805,0.94297,0.41791,0.44833,0.59986,0.90644,0.44379,0.42947,0.45447,0.45858,0.46168,0.50241,0.46484
0.32931,0.25615,0.3001,0.28605,0.31399,0.26105,0.25069,0.2693,0.37178,0.35343,0.22786,0.26551,0.29423,0.35679,0.28116,0.30173,0.28434,0.27832,0.35077,0.3061,0.31004,0.30582,0.27698,0.33698,0.24969,0.28509,0.30931,0.26223,0.28322,0.30907,0.31777,0.29244,0.26551,0.31536,0.30607,0.32974,0.28817,0.32094,0.94009,0.29596,0.33733,0.72989,0.91751,0.30584,0.28091,0.30784,0.30778,0.25448,0.35175,0.32692
0.28913,0.28237,0.28033,0.24693,0.23234,0.20915,0.27477,0.26639,0.2894,0.22566,0.18107,0.22149,0.25422,0.39019,0.24923,0.27487,0.26982,0.29116,0.25403,0.19447,0.21057,0.27564,0.24685,0.2633,0.18778,0.24835,0.24299,0.23545,0.22923,0.29589,0.29344,0.22918,0.2096,0.20237,0.21835,0.27426,0.22525,0.23862,0.93757,0.20979,0.29608,0.78221,0.9605,0.23202,0.20717,0.26597,0.26845,0.22829,0.2798,0.27232
0.39083,0.38076,0.41191,0.39641,0.42219,0.32777,0.39495,0.41687,0.48582,0.40432,0.36152,0.36692,0.39654,0.43821,0.39822,0.44398,0.33598,0.4015,0.40608,0.37132,0.46617,0.40599,0.34587,0.42885,0.34503,0.38216,0.4191,0.3834,0.41911,0.38752,0.41297,0.35969,0.38194,0.41837,0.40139,0.37816,0.38613,0.39616,0.96632,0.38258,0.40668,0.61327,0.90686,0.35575,0.36498,0.35917,0.40297,0.38498,0.42087,0.3861
0.24272,0.19355,0.19214,0.20538,0.26259,0.22518,0.21774,0.24669,0.33904,0.25393,0.21741,0.20789,0.13351,0.33682,0.17745,0.23375,0.17881,0.26487,0.23683,0.20588,0.22585,0.24692,0.18115,0.1938,0.17004,0.22591,0.22494,0.19829,0.19759,0.17792,0.275,0.21893,0.2454,0.19893,0.2403,0.23159,0.18091,0.20751,0.92085,0.19759,0.19789,0.81317,0.9052,0.14842,0.18707,0.23531,0.24354,0.22043,0.26145,0.20184
0.2925,0.25079,0.2323,0.31017,0.27325,0.25433,0.25889,0.24526,0.36434,0.30931,0.21705,0.27382,0.21852,0.29183,0.27114,0.3181,0.25939,0.29682,0.30771,0.27628,0.25268,0.29774,0.29644,0.29849,0.23167,0.28708,0.25998,0.22471,0.25238,0.26632,0.28752,0.23614,0.31205,0.33219,0.27766,0.29147,0.25607,0.25504,0.9507,0.23835,0.31255,0.74669,0.90281,0.29121,0.2604,0.22488,0.30713,0.2548,0.32384,0.22828
0.30313,0.25953,0.27814,0.28865,0.26329,0.22177,0.26243,0.30089,0.31778,0.31273,0.21341,0.23101,0.25199,0.30583,0.26743,0.22345,0.2283,0.24327,0.29453,0.26187,0.26235,0.22674,0.25327,0.27231,0.19378,0.22904,0.23865,0.23886,0.27119,0.30934,0.26105,0.24042,0.3161,0.3131,0.28613,0.24476,0.22007,0.259,0.92511,0.22984,0.27329,0.81311,0.91272,0.20238,0.25278,0.22912,0.27928,0.23182,0.30512,0.23487
0.27238,0.22625,0.24916,0.26872,0.27263,0.21768,0.26681,0.26387,0.41945,0.36813,0.23923,0.25322,0.27319,0.37389,0.25243,0.2747,0.24762,0.28974,0.35602,0.24242,0.2565,0.26818,0.24425,0.25071,0.22527,0.2361,0.28742,0.22162,0.28313,0.26082,0.26651,0.21765,0.27496,0.31631,0.30958,0.25019,0.25267,0.28535,0.87322,0.25086,0.28909,0.76438,0.8174,0.26696,0.22682,0.24423,0.28774,0.22999,0.36067,0.2058
0.48958,0.45231,0.50853,0.48993,0.45912,0.44924,0.45151,0.49279,0.57632,0.52527,0.40754,0.44068,0.47739,0.53774,0.46734,0.49472,0.47966,0.45472,0.55398,0.45023,0.48333,0.48341,0.43851,0.48115,0.41443,0.4634,0.44906,0.44406,0.45366,0.49906,0.48909,0.43639,0.47033,0.45437,0.48461,0.49046,0.43661,0.45704,0.92215,0.46905,0.48753,0.54401,0.86888,0.48442,0.4595,0.50358,0.45934,0.47367,0.5325,0.45685
0.29837,0.24944,0.25807,0.30591,0.24904,0.24835,0.27759,0.25032,0.38121,0.37939,0.22862,0.23654,0.27585,0.37818,0.29156,0.31759,0.23202,0.31149,0.37286,0.24269,0.32148,0.29708,0.29298,0.27699,0.18956,0.27033,0.28377,0.25459,0.25396,0.28528,0.30742,0.25456,0.27196,0.33172,0.21545,0.32763,0.23916,0.27969,0.90828,0.23944,0.30753,0.77182,0.87958,0.19768,0.24653,0.28662,0.2708,0.28897,0.37005,0.26089
0.33288,0.29268,0.33789,0.33198,0.35788,0.28868,0.32255,0.32658,0.35951,0.34051,0.29296,0.29515,0.2978,0.40709,0.32321,0.35441,0.30229,0.3278,0.36103,0.30593,0.32669,0.37246,0.2807,0.34706,0.30233,0.31774,0.29231,0.30869,0.34018,0.35463,0.34602,0.2891,0.32775,0.35141,0.31706,0.32364,0.28637,0.2882,0.9823,0.29774,0.30727,0.70449,0.92782,0.31965,0.25121,0.31229,0.34058,0.27104,0.3366,0.31791
0.39747,0.37962,0.41456,0.38752,0.39619,0.32374,0.38228,0.43158,0.55512,0.49019,0.33532,0.37218,0.39231,0.44383,0.39643,0.41263,0.37237,0.40722,0.48233,0.38595,0.4008,0.42536,0.35946,0.36593,0.31543,0.38753,0.38014,0.32596,0.36301,0.40413,0.36769,0.37967,0.34125,0.43327,0.3725,0.37985,0.34015,0.34857,0.87059,0.38839,0.40488,0.65577,0.79248,0.36591,0.33122,0.38963,0.36922,0.35372,0.50976,0.3549
0.25564,0.22146,0.27358,0.25248,0.26478,0.22524,0.21037,0.22594,0.42743,0.3955,0.18334,0.21729,0.2448,0.30094,0.24462,0.25568,0.203,0.22979,0.34262,0.21268,0.27387,0.23475,0.23067,0.23335,0.17613,0.23435,0.23625,0.22142,0.24201,0.26377,0.24398,0.24751,0.24612,0.21943,0.22055,0.23655,0.21218,0.25279,0.82815,0.20928,0.29674,0.78722,0.77024,0.19262,0.18918,0.18273,0.24738,0.23429,0.39219,0.19821
0.29709,0.30775,0.30396,0.28163,0.30966,0.37318,0.2525,0.28942,0.41324,0.37669,0.26243,0.28016,0.25222,0.36387,0.33117,0.32527,0.29531,0.29433,0.36274,0.28798,0.31728,0.28098,0.3042,0.30149,0.23616,0.2954,0.28257,0.26389,0.28767,0.29721,0.30144,0.28484,0.31938,0.30113,0.29373,0.313,0.25277,0.2755,0.90011,0.27756,0.33893,0.72072,0.86966,0.29228,0.27903,0.28371,0.30149,0.27436,0.35121,0.23578
0.33322,0.33296,0.32563,0.34179,0.34646,0.28628,0.33498,0.34812,0.45393,0.41246,0.26839,0.32669,0.31961,0.38769,0.32255,0.33603,0.29478,0.34346,0.40327,0.31354,0.3134,0.36055,0.29354,0.33052,0.30895,0.35688,0.35163,0.28708,0.32576,0.33413,0.36748,0.29524,0.32428,0.3401,0.30716,0.33455,0.27992,0.28847,0.8701,0.3413,0.35965,0.67636,0.8298,0.32896,0.32085,0.28576,0.35318,0.32933,0.42017,0.29209
0.27269,0.20891,0.24325,0.2392,0.22225,0.26424,0.20308,0.21892,0.42108,0.40691,0.17891,0.24307,0.29564,0.31487,0.23816,0.24697,0.18571,0.2197,0.37096,0.18859,0.25295,0.24028,0.20415,0.26342,0.15718,0.20486,0.24678,0.19161,0.21637,0.24648,0.25507,0.20573,0.26571,0.26088,0.22873,0.22726,0.21472,0.21473,0.8025,0.18373,0.27115,0.81836,0.78315,0.20543,0.19789,0.22123,0.19806,0.22495,0.36719,0.19679
0.36324,0.31776,0.34677,0.32046,0.32347,0.3763,0.31381,0.36119,0.32899,0.34165,0.3266,0.31307,0.33146,0.399,0.33142,0.35161,0.31562,0.35547,0.33513,0.29407,0.36616,0.32241,0.32544,0.32383,0.22424,0.2927,0.33163,0.2835,0.34695,0.33051,0.35286,0.28298,0.33717,0.32152,0.3213,0.31109,0.29559,0.31767,0.95477,0.32379,0.33437,0.66053,0.94849,0.3198,0.31006,0.33059,0.36105,0.28927,0.35389,0.30853
0.31169,0.26308,0.23171,0.23406,0.26263,0.1841,0.22061,0.25671,0.45784,0.3872,0.19892,0.25541,0.16694,0.28856,0.24722,0.25079,0.247,0.27538,0.38265,0.23494,0.29095,0.2505,0.2529,0.31005,0.20607,0.25125,0.26648,0.24288,0.26091,0.27329,0.24791,0.22322,0.24106,0.25142,0.20957,0.25825,0.24075,0.22907,0.81444,0.20473,0.2722,0.78242,0.81354,0.27019,0.20436,0.25561,0.23701,0.21464,0.39506,0.21574
0.36822,0.3015,0.34731,0.31317,0.35136,0.3072,0.32513,0.32585,0.55724,0.49609,0.28076,0.29426,0.32309,0.39003,0.32361,0.3631,0.31294,0.31904,0.43769,0.3016,0.36742,0.34697,0.32872,0.31009,0.27359,0.30871,0.28984,0.3067,0.34739,0.34544,0.34225,0.28069,0.31781,0.31834,0.33587,0.34994,0.322,0.2854,0.83993,0.29557,0.32687,0.68712,0.77149,0.3095,0.2703,0.28872,0.34358,0.34432,0.52179,0.2751
0.3639,0.2961,0.33271,0.30238,0.34613,0.29822,0.33726,0.31234,0.4113,0.36813,0.26334,0.29627,0.30698,0.35727,0.36687,0.33418,0.26784,0.37231,0.38061,0.26605,0.3162,0.32362,0.25432,0.34632,0.27261,0.28606,0.30248,0.28529,0.27439,0.34266,0.32337,0.31462,0.37673,0.35082,0.30273,0.31793,0.32318,0.30336,0.90468,0.33628,0.31706,0.72873,0.8988,0.30684,0.28063,0.33427,0.36648,0.34395,0.36039,0.31446
0.34166,0.28059,0.31116,0.2996,0.30553,0.27413,0.28641,0.32149,0.34146,0.35104,0.27745,0.27657,0.33115,0.40436,0.29299,0.35562,0.29619,0.26875,0.33453,0.29023,0.26484,0.30214,0.30464,0.28502,0.24828,0.32909,0.29235,0.28318,0.2957,0.32073,0.33145,0.29817,0.25993,0.30841,0.28191,0.27258,0.25637,0.28224,0.96345,0.33556,0.3096,0.75706,0.92902,0.29463,0.27471,0.31333,0.3314,0.29037,0.31192,0.24009
0.23964,0.21802,0.26269,0.2315,0.24843,0.24701,0.2274,0.22709,0.27131,0.28379,0.18483,0.20384,0.23731,0.29118,0.21274,0.25625,0.2433,0.25568,0.25654,0.22924,0.19369,0.23395,0.23706,0.24136,0.19674,0.20212,0.26005,0.20872,0.23256,0.251,0.25578,0.18217,0.19798,0.22694,0.23433,0.26033,0.22584,0.23332,0.93268,0.21148,0.24291,0.81066,0.91476,0.21091,0.18043,0.20547,0.2329,0.21513,0.28075,0.21553
0.40379,0.33444,0.4207,0.38607,0.40424,0.36784,0.36174,0.38467,0.48419,0.41059,0.28387,0.37861,0.36587,0.44988,0.36996,0.42534,0.39491,0.39806,0.42092,0.34444,0.39744,0.40675,0.39204,0.3917,0.29943,0.37097,0.38209,0.36103,0.39319,0.40879,0.37259,0.36542,0.36963,0.44481,0.37352,0.36667,0.32929,0.38973,0.9671,0.36181,0.39705,0.65066,0.9408,0.36034,0.35948,0.38195,0.42273,0.38964,0.41177,0.33706
0.2927,0.24553,0.28792,0.27701,0.29665,0.23139,0.29245,0.27178,0.4269,0.35958,0.18982,0.23938,0.26133,0.32568,0.28938,0.26548,0.26866,0.28623,0.39646,0.2436,0.32479,0.27493,0.26373,0.2315,0.22487,0.27035,0.26706,0.25024,0.29128,0.25595,0.27955,0.25075,0.25533,0.28883,0.25603,0.24877,0.28118,0.26722,0.84503,0.2632,0.31548,0.74938,0.8507,0.2221,0.24094,0.26219,0.2554,0.28091,0.39101,0.23959
0.3182,0.26087,0.27652,0.31799,0.30273,0.30811,0.26123,0.29708,0.36203,0.33294,0.26421,0.30856,0.354,0.39574,0.30639,0.3397,0.29477,0.32457,0.33701,0.31187,0.35889,0.32134,0.32724,0.33545,0.25207,0.33308,0.31417,0.28819,0.33493,0.33242,0.33325,0.28891,0.33762,0.33577,0.24122,0.31022,0.31245,0.34278,0.96751,0.29569,0.33877,0.70196,0.95348,0.27873,0.25983,0.31417,0.29764,0.35135,0.33518,0.28464
0.50935,0.45378,0.50083,0.4777,0.45841,0.45512,0.48837,0.47207,0.56604,0.56328,0.41135,0.43488,0.44341,0.5296,0.48232,0.53062,0.45348,0.47178,0.51849,0.41383,0.5108,0.50273,0.4408,0.47157,0.39693,0.4621,0.5053,0.45043,0.46525,0.48531,0.48496,0.45062,0.46946,0.52689,0.48442,0.50667,0.45903,0.44031,0.91062,0.45415,0.48533,0.56813,0.8762,0.47423,0.43964,0.47568,0.49157,0.50069,0.55831,0.46026
0.29449,0.23127,0.26339,0.27526,0.2826,0.29059,0.25781,0.30738,0.30498,0.29614,0.19351,0.23714,0.22538,0.35843,0.26452,0.27895,0.22805,0.27434,0.28524,0.25439,0.31209,0.26224,0.22236,0.30418,0.20304,0.23659,0.25087,0.26196,0.25532,0.28254,0.23844,0.22915,0.26019,0.23097,0.25907,0.23851,0.25086,0.2595,0.92022,0.2444,0.31954,0.76467,0.88928,0.2122,0.24069,0.26645,0.25724,0.27513,0.29474,0.22505
0.40247,0.40408,0.4401,0.42219,0.41671,0.38728,0.38485,0.3969,0.48622,0.51253,0.37919,0.3917,0.47269,0.47221,0.45865,0.42788,0.37984,0.41212,0.50385,0.37785,0.44887,0.42938,0.40991,0.39547,0.36209,0.38823,0.41994,0.37326,0.44835,0.45806,0.46143,0.37173,0.42389,0.42729,0.41052,0.42074,0.37755,0.40806,0.90434,0.39906,0.43287,0.62788,0.89274,0.37866,0.39816,0.39694,0.39475,0.42216,0.48958,0.40804
0.2605,0.21926,0.25703,0.20842,0.22963,0.22431,0.20261,0.2847,0.36354,0.32421,0.23288,0.22012,0.25565,0.35617,0.23485,0.2771,0.22899,0.25837,0.27914,0.22006,0.24487,0.24976,0.1874,0.26266,0.17595,0.21462,0.27371,0.19995,0.25473,0.25508,0.28263,0.22904,0.18833,0.22599,0.19919,0.25886,0.231,0.21199,0.88909,0.20333,0.2961,0.80405,0.83793,0.21028,0.23033,0.26271,0.24687,0.2359,0.30659,0.21129
0.49764,0.41955,0.50894,0.49368,0.45017,0.48894,0.45725,0.48393,0.55156,0.49278,0.43308,0.46773,0.50275,0.50815,0.49436,0.49686,0.46806,0.48351,0.53028,0.42287,0.51056,0.49847,0.48487,0.45119,0.40377,0.47171,0.51636,0.45082,0.49787,0.49982,0.52679,0.47656,0.4983,0.5057,0.44695,0.48584,0.46719,0.47072,0.92251,0.46457,0.53294,0.52171,0.8588,0.50923,0.47005,0.49562,0.47867,0.47947,0.5139,0.45055
0.32858,0.27295,0.29617,0.29573,0.25637,0.19824,0.28683,0.26677,0.36085,0.29488,0.24765,0.27738,0.31035,0.35039,0.27967,0.29184,0.25833,0.30725,0.28084,0.26707,0.3114,0.2824,0.28871,0.32274,0.23497,0.22522,0.28035,0.27125,0.24902,0.26384,0.2458,0.23494,0.29566,0.28863,0.27425,0.31336,0.30152,0.2534,0.96994,0.24353,0.30093,0.78201,0.92718,0.20224,0.26645,0.24814,0.31806,0.26265,0.31685,0.22301
0.32403,0.27326,0.30715,0.32195,0.32142,0.26748,0.27642,0.25884,0.38064,0.30306,0.31305,0.27036,0.30872,0.42697,0.29673,0.32801,0.30351,0.27584,0.33374,0.285,0.31725,0.29125,0.26103,0.34889,0.25384,0.26123,0.31798,0.3157,0.34547,0.30901,0.33784,0.2744,0.30125,0.34328,0.29344,0.29289,0.28039,0.27619,0.94662,0.2806,0.31712,0.7286,0.9371,0.28726,0.26567,0.30124,0.30946,0.3299,0.31955,0.2507
0.28781,0.29237,0.28766,0.27463,0.24081,0.24637,0.25127,0.26719,0.34457,0.29477,0.27337,0.26116,0.24794,0.34348,0.24438,0.29442,0.24205,0.25969,0.28535,0.27263,0.33305,0.31625,0.26867,0.24942,0.21828,0.28982,0.28447,0.26412,0.25801,0.25834,0.29672,0.23669,0.33034,0.27222,0.25802,0.28788,0.24762,0.25686,0.98254,0.2641,0.22055,0.73803,0.92253,0.29498,0.24703,0.22895,0.24935,0.29595,0.28269,0.23805
0.27124,0.21788,0.28028,0.24299,0.24585,0.19245,0.19566,0.27177,0.30417,0.29331,0.19375,0.23653,0.2589,0.34119,0.25525,0.28044,0.20156,0.24317,0.29716,0.20382,0.27865,0.20234,0.22747,0.2136,0.20013,0.20461,0.21141,0.1892,0.25134,0.20381,0.27369,0.20057,0.27674,0.24407,0.1837,0.25692,0.24054,0.23105,0.88611,0.18852,0.24544,0.82279,0.86466,0.24534,0.22478,0.22184,0.23615,0.23163,0.30245,0.16427
0.30443,0.26975,0.29086,0.29034,0.29205,0.23046,0.30732,0.30881,0.36248,0.36251,0.27131,0.27936,0.29232,0.35678,0.30031,0.32294,0.27059,0.32471,0.34339,0.26208,0.32668,0.26405,0.29988,0.2978,0.24514,0.25873,0.29605,0.26786,0.29743,0.29577,0.2874,0.24549,0.23828,0.31427,0.25697,0.28523,0.2897,0.28863,0.91323,0.28612,0.30283,0.72167,0.91782,0.29534,0.27662,0.31232,0.34684,0.27874,0.34304,0.29552
0.28167,0.19827,0.24466,0.23488,0.24398,0.17776,0.20587,0.24667,0.35985,0.32801,0.19084,0.18627,0.21388,0.3192,0.22282,0.27651,0.20334,0.26028,0.32583,0.19518,0.24806,0.25271,0.21795,0.22926,0.17891,0.22463,0.20474,0.18976,0.2022,0.21732,0.27962,0.18257,0.18722,0.25651,0.20832,0.23004,0.18986,0.16676,0.87298,0.16666,0.22823,0.78676,0.84581,0.21834,0.17871,0.21109,0.26778,0.22276,0.30518,0.21379
0.41831,0.3588,0.3523,0.38826,0.41584,0.3509,0.38973,0.38774,0.46715,0.44972,0.37317,0.38497,0.38044,0.47139,0.40597,0.39355,0.36269,0.40354,0.44378,0.35932,0.37965,0.39703,0.38788,0.41362,0.36205,0.36383,0.43862,0.3667,0.38204,0.40928,0.39716,0.37233,0.40918,0.37019,0.38375,0.44439,0.37725,0.38032,0.9324,0.37781,0.43172,0.62393,0.88931,0.40454,0.35328,0.36292,0.40626,0.36646,0.46641,0.37208
0.37616,0.34578,0.37159,0.33432,0.37737,0.34341,0.32967,0.30648,0.48972,0.44684,0.3537,0.35381,0.32608,0.44717,0.35365,0.39072,0.34185,0.37879,0.46935,0.33409,0.36219,0.35438,0.34533,0.35709,0.31522,0.37695,0.35719,0.33958,0.33926,0.36395,0.37293,0.32388,0.35816,0.37974,0.37031,0.37459,0.36104,0.36096,0.86974,0.32676,0.3806,0.68224,0.84686,0.35868,0.31942,0.36673,0.34134,0.36692,0.46516,0.33807
0.41586,0.3705,0.35873,0.39012,0.41412,0.34723,0.37055,0.36344,0.60876,0.55574,0.35504,0.36271,0.37026,0.45484,0.37788,0.42389,0.35892,0.40483,0.50674,0.36172,0.41587,0.39928,0.35419,0.41373,0.33207,0.37513,0.38182,0.3545,0.38578,0.42343,0.41178,0.39456,0.36632,0.42108,0.40683,0.37123,0.36105,0.39282,0.84093,0.37438,0.40007,0.6455,0.77283,0.36007,0.33465,0.38421,0.34834,0.38003,0.55753,0.37423
0.44394,0.39857,0.41408,0.43871,0.43126,0.38168,0.36914,0.44211,0.49379,0.45176,0.39007,0.4304,0.42579,0.43013,0.43166,0.48885,0.44248,0.42594,0.43327,0.40722,0.431,0.45248,0.41416,0.43345,0.39117,0.42823,0.4007,0.41678,0.41869,0.42506,0.44136,0.4254,0.36866,0.46299,0.38619,0.4456,0.425,0.37446,0.95288,0.38113,0.42574,0.58845,0.94378,0.40726,0.40539,0.40797,0.41887,0.41046,0.43501,0.38293
0.22002,0.21085,0.2095,0.194,0.23565,0.1863,0.1941,0.23083,0.37402,0.32797,0.1854,0.19487,0.20938,0.25654,0.20149,0.23481,0.17648,0.22252,0.35389,0.1838,0.19154,0.19839,0.20897,0.17015,0.16493,0.21272,0.19746,0.16949,0.18617,0.21451,0.17952,0.14672,0.19868,0.19967,0.15359,0.21777,0.1395,0.19387,0.80405,0.18738,0.17743,0.85407,0.79309,0.17126,0.15081,0.18603,0.19458,0.20479,0.35905,0.17593
0.29355,0.24173,0.23019,0.29489,0.29325,0.27263,0.28281,0.29358,0.37514,0.31366,0.24407,0.26891,0.25946,0.30721,0.2841,0.28332,0.25777,0.29778,0.30871,0.25943,0.307,0.25542,0.25443,0.28564,0.22771,0.23227,0.26091,0.22274,0.26574,0.28797,0.24496,0.2465,0.24761,0.25546,0.29116,0.32763,0.26777,0.23002,0.91815,0.2642,0.25641,0.75402,0.90954,0.20226,0.21488,0.25067,0.27875,0.262,0.30015,0.22737
0.35459,0.31303,0.3354,0.30959,0.34828,0.32306,0.29755,0.31534,0.45039,0.36372,0.27879,0.28251,0.33122,0.37593,0.31082,0.33097,0.31642,0.27524,0.37359,0.28109,0.33952,0.31244,0.2727,0.34437,0.26846,0.35136,0.31118,0.31189,0.29229,0.33304,0.33032,0.26565,0.31452,0.35519,0.33952,0.32596,0.27306,0.27965,0.92401,0.28175,0.3306,0.71836,0.86989,0.35184,0.2718,0.29663,0.35051,0.32208,0.39121,0.29247
0.3345,0.28621,0.28345,0.34138,0.29993,0.24082,0.28501,0.32896,0.43332,0.38174,0.27768,0.2937,0.35352,0.35935,0.30463,0.31323,0.27652,0.32106,0.34162,0.28154,0.30349,0.31696,0.29157,0.33572,0.23284,0.28063,0.30728,0.2724,0.26897,0.30039,0.33077,0.27897,0.333,0.30708,0.30401,0.30274,0.28516,0.30481,0.92609,0.30377,0.31642,0.73185,0.88233,0.31363,0.29435,0.35465,0.317,0.32268,0.32733,0.27168
0.40249,0.35197,0.41023,0.3929,0.36515,0.35439,0.32829,0.32912,0.46311,0.47218,0.29312,0.32013,0.37738,0.464,0.36272,0.38869,0.32035,0.36322,0.47751,0.3308,0.39477,0.39904,0.32872,0.3921,0.31052,0.35184,0.38217,0.31787,0.33004,0.39684,0.35911,0.35634,0.34725,0.3797,0.36902,0.37931,0.31794,0.33305,0.86524,0.36398,0.35733,0.688,0.85549,0.35396,0.32009,0.35907,0.35999,0.37994,0.47465,0.35652
0.33888,0.28164,0.30935,0.2936,0.31683,0.25909,0.30413,0.32208,0.40875,0.37906,0.29513,0.31831,0.30704,0.36075,0.31854,0.3118,0.29845,0.32707,0.37012,0.31594,0.35025,0.3269,0.27618,0.35481,0.26444,0.2937,0.30741,0.28213,0.29633,0.36461,0.31188,0.29203,0.34195,0.32545,0.27449,0.31026,0.28295,0.27498,0.90492,0.29099,0.31175,0.7027,0.885,0.32562,0.26565,0.3042,0.33855,0.36066,0.39202,0.26518
0.32031,0.27028,0.29172,0.31141,0.2965,0.24702,0.26324,0.28192,0.43812,0.42846,0.23406,0.29834,0.32196,0.36374,0.29561,0.35886,0.27122,0.30014,0.39414,0.29278,0.30334,0.29162,0.27643,0.30204,0.25927,0.27979,0.28895,0.24748,0.2792,0.31677,0.31966,0.26892,0.28325,0.30439,0.27144,0.31286,0.26632,0.26834,0.84539,0.28886,0.32431,0.73324,0.82645,0.24905,0.27418,0.28852,0.27603,0.31063,0.43569,0.27491
0.22987,0.21637,0.26447,0.19854,0.23279,0.19897,0.24188,0.24901,0.39514,0.34983,0.17415,0.21271,0.22035,0.29574,0.2307,0.22167,0.20088,0.27444,0.34287,0.24282,0.26534,0.22422,0.23155,0.24624,0.16729,0.22107,0.22622,0.1993,0.21266,0.30513,0.22061,0.21157,0.24102,0.2404,0.22754,0.22804,0.16492,0.23317,0.79992,0.2363,0.29323,0.80997,0.7996,0.21187,0.17466,0.22975,0.21503,0.23803,0.33784,0.19687
0.34497,0.25524,0.31448,0.28351,0.28005,0.29078,0.26428,0.29893,0.52695,0.47,0.22915,0.25587,0.28685,0.36692,0.292,0.28179,0.28488,0.26069,0.4214,0.25344,0.31891,0.29417,0.28728,0.26327,0.2266,0.28513,0.27644,0.26207,0.29343,0.33038,0.30343,0.25959,0.27665,0.29724,0.23087,0.27202,0.27992,0.26014,0.77605,0.25154,0.27158,0.76341,0.74718,0.3084,0.25203,0.23769,0.27539,0.29155,0.4747,0.24262
0.55803,0.54161,0.54356,0.5461,0.54409,0.53467,0.56626,0.53216,0.73072,0.70142,0.52227,0.53342,0.57303,0.58859,0.56311,0.61944,0.53035,0.57543,0.68405,0.55683,0.61791,0.58242,0.57341,0.56084,0.49375,0.54657,0.58388,0.53205,0.62026,0.59902,0.585,0.54734,0.49535,0.56446,0.54939,0.53172,0.52919,0.52397,0.82576,0.53879,0.57738,0.49276,0.82587,0.58734,0.54398,0.56723,0.56033,0.58191,0.71836,0.55161
0.41078,0.4051,0.40599,0.36575,0.39783,0.33578,0.35573,0.38287,0.53715,0.52051,0.34565,0.35724,0.3753,0.43776,0.39415,0.41868,0.36782,0.39034,0.52056,0.3612,0.40125,0.39864,0.39158,0.39091,0.31968,0.35956,0.39279,0.33745,0.35612,0.41305,0.40837,0.35868,0.38718,0.42482,0.35457,0.38506,0.35508,0.3404,0.83408,0.36855,0.41382,0.63248,0.77995,0.3564,0.35037,0.36693,0.37097,0.39096,0.54806,0.34177
0.32562,0.32462,0.29639,0.34001,0.32732,0.31396,0.3219,0.34173,0.41598,0.38208,0.29739,0.29415,0.32294,0.39358,0.34121,0.33323,0.30075,0.3148,0.42989,0.30063,0.36706,0.33101,0.32847,0.31221,0.24321,0.3064,0.31767,0.29233,0.33766,0.34621,0.34641,0.30894,0.31697,0.29669,0.30212,0.32671,0.26932,0.28956,0.88119,0.32916,0.33815,0.70058,0.85749,0.34522,0.28999,0.30294,0.3218,0.32428,0.42089,0.30542
0.42086,0.37483,0.43173,0.41673,0.41646,0.4078,0.3795,0.42659,0.49596,0.48523,0.34537,0.39245,0.40436,0.47334,0.38901,0.43531,0.36265,0.40741,0.44451,0.41448,0.4567,0.37582,0.38206,0.38129,0.31523,0.41035,0.38024,0.36869,0.41485,0.414,0.39083,0.39966,0.41206,0.41703,0.40782,0.40187,0.40697,0.37501,0.93366,0.37628,0.41785,0.62765,0.90128,0.42226,0.3803,0.39946,0.39595,0.41394,0.46542,0.39154
0.4596,0.3881,0.40889,0.40171,0.46074,0.38202,0.40491,0.40064,0.55498,0.50624,0.3481,0.39665,0.40967,0.47923,0.4171,0.43422,0.42764,0.40595,0.46965,0.37132,0.46241,0.42749,0.44809,0.43643,0.38251,0.44288,0.42333,0.39976,0.43199,0.48396,0.39561,0.41312,0.36663,0.43716,0.37684,0.42697,0.40782,0.41272,0.87826,0.37684,0.42249,0.61977,0.8324,0.36734,0.38861,0.40807,0.4359,0.42703,0.52548,0.38539
0.28601,0.24299,0.24376,0.25199,0.3087,0.25224,0.26234,0.27102,0.40418,0.38745,0.22098,0.26353,0.31791,0.35313,0.26698,0.33163,0.26125,0.31057,0.36755,0.24626,0.32941,0.31795,0.25503,0.31359,0.21914,0.2827,0.28924,0.25197,0.29565,0.28793,0.31139,0.2807,0.29937,0.32104,0.27014,0.26683,0.2619,0.23891,0.8592,0.25249,0.30645,0.7315,0.85963,0.28437,0.24666,0.26131,0.28097,0.23893,0.39645,0.2332
0.30934,0.26071,0.3224,0.31058,0.28415,0.26622,0.27762,0.26708,0.43038,0.32763,0.27529,0.25827,0.28293,0.34218,0.29252,0.3126,0.28061,0.32026,0.30279,0.25177,0.32674,0.30941,0.29459,0.2855,0.24409,0.26162,0.30298,0.23556,0.32653,0.28785,0.28558,0.26517,0.29648,0.313,0.34601,0.32452,0.29637,0.27054,0.921,0.30099,0.32677,0.73867,0.90979,0.29483,0.26737,0.288,0.27785,0.26199,0.31547,0.29328
0.22243,0.23051,0.23675,0.23329,0.23363,0.18296,0.21498,0.20906,0.30013,0.27752,0.19914,0.18653,0.23356,0.27587,0.20133,0.19295,0.25082,0.1995,0.23223,0.18414,0.25273,0.2219,0.23109,0.20715,0.16818,0.18577,0.20493,0.19321,0.20245,0.23578,0.2442,0.1989,0.27293,0.24363,0.26129,0.28158,0.2097,0.23709,0.93644,0.17871,0.2126,0.82131,0.88626,0.22384,0.17834,0.22583,0.1638,0.20716,0.26573,0.1886
0.3664,0.28754,0.33236,0.31492,0.33851,0.32137,0.24831,0.36068,0.416,0.29083,0.26536,0.28859,0.34793,0.34592,0.30724,0.35625,0.27204,0.3258,0.32273,0.29582,0.35505,0.31336,0.30132,0.32617,0.22234,0.294,0.33161,0.25092,0.25804,0.35342,0.2487,0.28419,0.27404,0.31907,0.2751,0.308,0.2796,0.28062,0.95608,0.29257,0.33947,0.71776,0.95486,0.30719,0.28826,0.29204,0.34468,0.29535,0.31311,0.26085
0.35544,0.32969,0.33356,0.33074,0.34408,0.28521,0.32088,0.35988,0.36049,0.3999,0.27792,0.29895,0.31832,0.42228,0.3334,0.37165,0.32299,0.31234,0.35827,0.30877,0.33432,0.35379,0.29317,0.34525,0.30042,0.32432,0.31079,0.30355,0.3092,0.35962,0.31459,0.29114,0.35203,0.37876,0.32237,0.2894,0.32979,0.31305,0.91597,0.31196,0.30423,0.73266,0.93276,0.32319,0.26296,0.31834,0.32387,0.30448,0.38128,0.28551
0.2851,0.27472,0.26754,0.27048,0.25795,0.25522,0.27855,0.25875,0.392,0.34585,0.22344,0.28241,0.2656,0.34315,0.31602,0.30525,0.27483,0.28107,0.29651,0.26304,0.33265,0.28488,0.29618,0.31942,0.23589,0.27242,0.26441,0.23624,0.27536,0.24585,0.29411,0.25555,0.30019,0.28563,0.29449,0.29619,0.27415,0.26179,0.95688,0.26616,0.2869,0.73344,0.91926,0.25747,0.24418,0.32023,0.30767,0.27117,0.33502,0.2879
0.26162,0.23152,0.27095,0.24515,0.24228,0.20714,0.25409,0.28582,0.39982,0.3594,0.24326,0.2006,0.27083,0.33361,0.28544,0.28106,0.21937,0.25277,0.33723,0.21222,0.29157,0.27479,0.25229,0.24492,0.20627,0.20277,0.21875,0.24723,0.2635,0.28047,0.27781,0.22032,0.23082,0.25549,0.24363,0.21898,0.18011,0.19707,0.84214,0.24549,0.27119,0.77771,0.8264,0.23335,0.23241,0.2461,0.26218,0.22981,0.3641,0.18283
0.30151,0.26399,0.29463,0.27613,0.31263,0.27136,0.2617,0.26872,0.56318,0.54573,0.25052,0.27889,0.28291,0.37047,0.28069,0.29592,0.27271,0.29389,0.50097,0.29293,0.33988,0.30337,0.25497,0.27448,0.24981,0.29068,0.28434,0.28008,0.31681,0.3409,0.30592,0.28114,0.26974,0.30262,0.28689,0.25892,0.26036,0.29318,0.70986,0.27981,0.28965,0.76526,0.68871,0.2551,0.25616,0.27405,0.29922,0.30474,0.53879,0.25998
0.27955,0.24492,0.27882,0.24968,0.24844,0.18543,0.22201,0.2612,0.3279,0.33465,0.20585,0.21181,0.2309,0.30062,0.23324,0.25496,0.25302,0.23787,0.33587,0.22085,0.23962,0.25904,0.24298,0.25247,0.21892,0.23574,0.28109,0.23349,0.26914,0.256,0.23491,0.22762,0.23878,0.25735,0.28721,0.23348,0.2091,0.22989,0.91452,0.20505,0.26974,0.79242,0.85112,0.19191,0.20366,0.21375,0.17425,0.17775,0.31784,0.17333
0.30148,0.23026,0.28229,0.26593,0.27547,0.20767,0.25833,0.31278,0.39022,0.33441,0.19396,0.24412,0.2698,0.3312,0.26154,0.2919,0.24162,0.29346,0.3018,0.19651,0.24857,0.32119,0.24959,0.24646,0.20494,0.23497,0.27209,0.23466,0.27367,0.27379,0.26087,0.20718,0.24732,0.31295,0.26169,0.23099,0.20564,0.26134,0.89655,0.27163,0.26123,0.7816,0.89261,0.27307,0.21599,0.30798,0.27991,0.26046,0.33823,0.23196
0.26869,0.19747,0.24281,0.23011,0.2692,0.2121,0.22128,0.20305,0.41512,0.35663,0.21858,0.18569,0.27085,0.33958,0.20424,0.23058,0.25361,0.2617,0.33556,0.17886,0.27434,0.28033,0.24106,0.22834,0.17379,0.21475,0.21039,0.19213,0.23955,0.25097,0.24798,0.22065,0.23239,0.26222,0.20717,0.25224,0.19548,0.18668,0.83344,0.2233,0.24594,0.79069,0.81818,0.23977,0.19403,0.20911,0.24712,0.21408,0.40218,0.24095
0.50673,0.42368,0.46128,0.43782,0.45963,0.42913,0.42962,0.47013,0.58606,0.52172,0.38488,0.42325,0.45083,0.51818,0.44546,0.4717,0.44675,0.4631,0.51879,0.45635,0.52664,0.48389,0.45072,0.40818,0.42598,0.43833,0.46811,0.44115,0.45427,0.48388,0.48111,0.44499,0.45277,0.48993,0.41686,0.4405,0.4153,0.45439,0.8859,0.42703,0.46134,0.57125,0.87282,0.46148,0.42476,0.43783,0.45259,0.41344,0.51999,0.44519
0.3828,0.35308,0.41444,0.36421,0.36689,0.32943,0.36585,0.38058,0.60072,0.5441,0.3597,0.3606,0.38821,0.40191,0.37588,0.38978,0.34483,0.38024,0.51914,0.33224,0.39273,0.42683,0.38305,0.36076,0.33673,0.38571,0.35099,0.34147,0.38291,0.36578,0.40328,0.35406,0.32622,0.38823,0.33413,0.35363,0.3445,0.37714,0.80051,0.35419,0.37717,0.6739,0.78863,0.36704,0.33122,0.36598,0.38022,0.37786,0.52504,0.34133
0.43533,0.36486,0.39324,0.42441,0.36965,0.36138,0.3765,0.37648,0.55482,0.48401,0.36304,0.37487,0.4009,0.47409,0.39736,0.40535,0.39251,0.4231,0.4905,0.37139,0.44725,0.45299,0.37589,0.41732,0.33532,0.38567,0.39545,0.3945,0.41813,0.43898,0.4052,0.37351,0.38677,0.42357,0.37565,0.38435,0.35548,0.39056,0.91202,0.35989,0.40759,0.63839,0.87829,0.43425,0.36105,0.42535,0.38599,0.40909,0.49562,0.3995
0.35527,0.33711,0.31569,0.36581,0.34649,0.33509,0.32423,0.3308,0.45634,0.46623,0.29517,0.33475,0.34921,0.42371,0.31887,0.36677,0.33063,0.36283,0.42352,0.31935,0.40778,0.34826,0.33756,0.3605,0.26578,0.33054,0.35277,0.32049,0.37034,0.33781,0.34031,0.32206,0.34201,0.42496,0.32835,0.34787,0.32834,0.31413,0.88364,0.325,0.37899,0.68405,0.87274,0.30223,0.28625,0.34449,0.32271,0.34222,0.43444,0.29114
0.47243,0.38558,0.45611,0.42179,0.40401,0.40447,0.38028,0.4078,0.44016,0.43633,0.37223,0.3805,0.4334,0.52523,0.4132,0.44651,0.40094,0.36804,0.46114,0.38677,0.4188,0.46624,0.40851,0.43205,0.39121,0.40496,0.43241,0.36746,0.45434,0.40524,0.41671,0.39935,0.36177,0.4463,0.40742,0.41453,0.41555,0.40192,0.92623,0.38043,0.44534,0.61833,0.93924,0.38892,0.37473,0.43174,0.40927,0.41005,0.45115,0.37457
0.38925,0.30464,0.34243,0.31784,0.37558,0.30861,0.34267,0.37526,0.41206,0.42628,0.32032,0.32133,0.34177,0.43272,0.36661,0.39499,0.32086,0.37417,0.36949,0.31473,0.42605,0.36459,0.35258,0.38553,0.31652,0.34546,0.35103,0.32086,0.36545,0.37405,0.36713,0.32124,0.31329,0.3578,0.36502,0.32228,0.30891,0.33816,0.92791,0.33413,0.37251,0.67382,0.90342,0.2966,0.31003,0.34249,0.37304,0.32536,0.38303,0.30224
0.4085,0.3207,0.37672,0.36381,0.37592,0.33836,0.33939,0.36854,0.43919,0.3963,0.29229,0.3467,0.36234,0.42021,0.35552,0.38407,0.29547,0.34971,0.39125,0.30638,0.38993,0.35766,0.34411,0.366,0.27878,0.34733,0.3791,0.33455,0.36954,0.35999,0.34468,0.30229,0.37552,0.41687,0.35781,0.38426,0.31527,0.33644,0.92644,0.33766,0.37529,0.67353,0.89714,0.34902,0.35196,0.34645,0.35764,0.32678,0.415,0.34557
0.26284,0.27954,0.30343,0.2637,0.22912,0.25974,0.25525,0.2431,0.36051,0.262,0.21743,0.21926,0.21559,0.36771,0.2364,0.26295,0.24004,0.24618,0.25533,0.2164,0.30012,0.25336,0.2279,0.24837,0.20166,0.23787,0.25935,0.21592,0.2248,0.23453,0.27427,0.22188,0.2248,0.28286,0.2243,0.26083,0.21541,0.23771,0.95979,0.21599,0.27518,0.80058,0.93522,0.16126,0.19819,0.24886,0.25363,0.22126,0.25573,0.21346
0.46308,0.41941,0.4992,0.46137,0.44073,0.41346,0.40201,0.42892,0.5671,0.50462,0.39554,0.40948,0.4737,0.5226,0.43647,0.44336,0.47309,0.45221,0.48845,0.39562,0.48237,0.43897,0.46518,0.44938,0.38664,0.42117,0.44128,0.40929,0.47664,0.44291,0.46643,0.40542,0.41296,0.47516,0.42041,0.43683,0.43004,0.45833,0.95442,0.40959,0.44157,0.60951,0.88533,0.46085,0.47041,0.40337,0.45753,0.43072,0.48357,0.42993
0.22688,0.25143,0.24367,0.24202,0.24997,0.21975,0.25042,0.27977,0.27545,0.30382,0.26245,0.21684,0.24535,0.27712,0.27135,0.2275,0.25857,0.25817,0.25281,0.23322,0.27399,0.25129,0.20335,0.26284,0.20046,0.23572,0.24941,0.19421,0.23063,0.24339,0.30154,0.22645,0.28855,0.28533,0.24954,0.21023,0.22637,0.24216,0.95684,0.23022,0.31631,0.76995,0.94021,0.22739,0.19448,0.23732,0.20686,0.27131,0.26965,0.22083
0.2662,0.26396,0.3223,0.2518,0.21587,0.23021,0.22501,0.18713,0.43011,0.35224,0.19381,0.22501,0.23778,0.32716,0.23814,0.24503,0.2348,0.22634,0.30117,0.23812,0.24856,0.29934,0.19463,0.22612,0.18449,0.24345,0.25445,0.20878,0.22763,0.27421,0.24656,0.19427,0.24133,0.26508,0.24454,0.21613,0.22439,0.20042,0.85107,0.21317,0.26429,0.77232,0.83949,0.23894,0.17948,0.24331,0.23685,0.24649,0.33993,0.21189
0.22777,0.20264,0.21814,0.22191,0.25952,0.15679,0.21678,0.26677,0.27646,0.25256,0.19114,0.20409,0.2495,0.28414,0.25617,0.25268,0.23557,0.23306,0.22809,0.19986,0.2385,0.23547,0.19763,0.27289,0.19057,0.17082,0.23253,0.20372,0.2376,0.21862,0.27617,0.19837,0.21465,0.24337,0.24575,0.23712,0.22818,0.21063,0.93065,0.21349,0.24594,0.8108,0.93973,0.21612,0.17095,0.24156,0.2232,0.1904,0.24993,0.20678
0.24649,0.19803,0.2194,0.23574,0.21687,0.16191,0.2231,0.23641,0.27947,0.23375,0.17887,0.19967,0.20196,0.30502,0.22544,0.23394,0.20825,0.2055,0.19094,0.18579,0.21351,0.20092,0.21776,0.21404,0.12019,0.1729,0.20304,0.16737,0.22127,0.22411,0.25206,0.12818,0.26233,0.19178,0.21004,0.19829,0.20002,0.21613,0.92718,0.1768,0.24597,0.81657,0.96175,0.17622,0.14018,0.17119,0.1131,0.18218,0.20875,0.12221
0.36734,0.32548,0.31861,0.32166,0.27438,0.25553,0.29249,0.29165,0.44835,0.41719,0.26068,0.26796,0.35343,0.35493,0.31702,0.34495,0.29539,0.36149,0.4196,0.28372,0.36116,0.32119,0.29807,0.31209,0.21051,0.29644,0.30294,0.28709,0.28944,0.34301,0.2842,0.29993,0.27617,0.29993,0.27526,0.29466,0.29081,0.29808,0.87659,0.29481,0.32008,0.72887,0.86293,0.26114,0.25932,0.27679,0.30669,0.30923,0.40156,0.23857
0.22847,0.15902,0.21763,0.18417,0.17666,0.22535,0.17623,0.19487,0.29954,0.22939,0.17047,0.16072,0.18858,0.19478,0.1858,0.20073,0.17968,0.1606,0.26231,0.15463,0.22461,0.21343,0.15029,0.2386,0.14682,0.22548,0.15402,0.17235,0.19748,0.20073,0.19475,0.15701,0.21159,0.21344,0.10097,0.18017,0.1871,0.19034,0.91357,0.15844,0.19364,0.82838,0.90254,0.16103,0.10547,0.16205,0.23763,0.19634,0.22592,0.17356
0.30935,0.28431,0.33047,0.32505,0.30552,0.31795,0.28036,0.2993,0.49068,0.44389,0.24719,0.27435,0.3277,0.34499,0.27116,0.36831,0.26875,0.29004,0.47829,0.28486,0.34718,0.3239,0.31263,0.28325,0.24583,0.28723,0.30674,0.2603,0.30551,0.35872,0.29777,0.2757,0.27362,0.32857,0.31644,0.27371,0.27954,0.28537,0.79976,0.31942,0.33771,0.70229,0.78239,0.28375,0.25666,0.28196,0.33567,0.30579,0.46231,0.25282
0.29855,0.20127,0.29516,0.24588,0.26068,0.18383,0.20666,0.2437,0.36823,0.34091,0.18437,0.24231,0.2227,0.33935,0.26661,0.29151,0.26495,0.23804,0.31912,0.22922,0.26547,0.21819,0.22958,0.24333,0.19019,0.23061,0.26617,0.22794,0.26513,0.2599,0.2353,0.20988,0.24683,0.27519,0.28678,0.27646,0.19539,0.21898,0.87474,0.22381,0.25733,0.74646,0.84808,0.26158,0.24303,0.26214,0.27142,0.23579,0.3293,0.23784
0.39634,0.36319,0.42329,0.39645,0.36767,0.39592,0.37779,0.44676,0.46371,0.42943,0.33715,0.37699,0.4011,0.47881,0.39921,0.41229,0.39752,0.41303,0.43277,0.35362,0.40894,0.40704,0.39553,0.40232,0.34549,0.33404,0.39683,0.35807,0.42052,0.41281,0.44458,0.34593,0.39947,0.43687,0.36629,0.40869,0.3685,0.401,0.96148,0.38499,0.45733,0.63688,0.92071,0.37411,0.384,0.37947,0.40354,0.40725,0.42684,0.38327
0.37621,0.31434,0.39837,0.33798,0.37216,0.35303,0.36159,0.36336,0.55521,0.47783,0.34939,0.3262,0.39325,0.42715,0.36107,0.38796,0.34074,0.40538,0.4575,0.30245,0.41606,0.36756,0.34978,0.3572,0.31984,0.36778,0.36284,0.33733,0.3732,0.34499,0.39691,0.30959,0.39961,0.38745,0.34248,0.32939,0.37721,0.35291,0.83689,0.33638,0.3974,0.68133,0.83247,0.35545,0.30844,0.38347,0.33894,0.36781,0.47943,0.37771
0.32806,0.29963,0.33247,0.30285,0.31367,0.26128,0.3039,0.31035,0.52681,0.48579,0.25799,0.29534,0.31295,0.40803,0.3106,0.3255,0.28275,0.29812,0.45309,0.29984,0.34515,0.3376,0.28862,0.32335,0.28984,0.31648,0.30652,0.27495,0.31563,0.32738,0.28315,0.29923,0.29784,0.3501,0.30673,0.31165,0.31172,0.27673,0.83834,0.30696,0.3356,0.71577,0.78123,0.31799,0.31411,0.31188,0.31072,0.302,0.49223,0.2759
0.36529,0.30877,0.37437,0.35316,0.34319,0.29526,0.31874,0.36715,0.4903,0.40238,0.32388,0.34569,0.368,0.3987,0.36495,0.36318,0.30556,0.4003,0.42694,0.34669,0.39776,0.36131,0.37545,0.35253,0.30749,0.33439,0.33762,0.33273,0.3433,0.37399,0.37921,0.32864,0.40425,0.35183,0.3544,0.37129,0.35259,0.3195,0.90917,0.34912,0.34658,0.64948,0.89594,0.32577,0.35526,0.36232,0.34213,0.35327,0.42228,0.32857
0.33604,0.28111,0.30303,0.32293,0.3235,0.2429,0.3019,0.32531,0.4403,0.39749,0.25121,0.29792,0.30881,0.37725,0.30097,0.32871,0.30846,0.32774,0.36095,0.27991,0.32006,0.35402,0.27475,0.28851,0.2312,0.28181,0.28296,0.26,0.30382,0.29759,0.34322,0.27212,0.25233,0.33267,0.27022,0.27993,0.26745,0.30157,0.8653,0.30326,0.31912,0.75848,0.88654,0.28196,0.25613,0.30879,0.31335,0.26623,0.40081,0.27042
0.2487,0.17814,0.25394,0.21231,0.23994,0.149,0.18385,0.25093,0.26534,0.26011,0.1899,0.17887,0.19488,0.27113,0.17569,0.19218,0.19294,0.20427,0.24489,0.18647,0.24272,0.25749,0.1714,0.22956,0.1576,0.18938,0.21024,0.13558,0.20742,0.19451,0.14686,0.13996,0.22673,0.24524,0.25026,0.18,0.14901,0.20606,0.93792,0.17096,0.18843,0.81174,0.91714,0.18745,0.17778,0.21235,0.1883,0.21512,0.23429,0.10327
0.39734,0.3699,0.37565,0.33813,0.35078,0.37183,0.34834,0.39142,0.4684,0.46449,0.32057,0.36075,0.4094,0.48447,0.38217,0.42529,0.35315,0.39066,0.4426,0.3372,0.41286,0.38525,0.35244,0.39802,0.34518,0.32778,0.35741,0.3447,0.35223,0.38565,0.39434,0.33646,0.37466,0.41646,0.34123,0.38188,0.32577,0.36255,0.88953,0.31749,0.36634,0.65395,0.86478,0.34337,0.35004,0.39311,0.35992,0.36667,0.46288,0.3273
0.39418,0.35976,0.41432,0.36613,0.3885,0.32626,0.34557,0.37842,0.44888,0.42481,0.33937,0.34617,0.35581,0.46448,0.3874,0.35551,0.35525,0.35968,0.38231,0.34881,0.38548,0.37257,0.3417,0.37573,0.30271,0.34636,0.35841,0.35158,0.38062,0.40186,0.37476,0.33888,0.30838,0.39872,0.38266,0.37373,0.36601,0.34663,0.97447,0.36663,0.42616,0.64976,0.94023,0.4107,0.34667,0.39737,0.34405,0.37653,0.44032,0.37652
0.36527,0.35316,0.31633,0.37093,0.38279,0.35007,0.36355,0.34813,0.45856,0.39092,0.34504,0.34434,0.37127,0.37812,0.41032,0.39118,0.34217,0.37745,0.40057,0.35385,0.37274,0.38257,0.3612,0.34952,0.27469,0.35641,0.35951,0.33623,0.37847,0.36774,0.38128,0.33187,0.39229,0.38536,0.37352,0.38839,0.30712,0.32829,0.95973,0.34298,0.41832,0.67191,0.90339,0.36159,0.3512,0.33242,0.36993,0.35712,0.40799,0.35766
0.37468,0.31368,0.38982,0.35439,0.33292,0.33205,0.28234,0.38086,0.4175,0.34172,0.29346,0.31174,0.29517,0.39768,0.33262,0.36032,0.35362,0.32762,0.41601,0.30312,0.39456,0.35893,0.33086,0.35303,0.30206,0.31584,0.35695,0.30567,0.3492,0.34767,0.36055,0.29986,0.34554,0.3698,0.27534,0.3521,0.3265,0.31585,0.95955,0.29351,0.36733,0.68503,0.91145,0.32854,0.28528,0.2869,0.31251,0.3594,0.36269,0.31791
0.36048,0.30951,0.2808,0.34575,0.35422,0.27189,0.29392,0.30049,0.44583,0.42031,0.30381,0.33579,0.33053,0.382,0.33443,0.35373,0.33307,0.33326,0.40787,0.31332,0.40006,0.33612,0.31537,0.31476,0.28843,0.31491,0.33079,0.29461,0.3474,0.31708,0.34734,0.31146,0.34237,0.38566,0.26796,0.32837,0.30383,0.3162,0.88093,0.28004,0.30536,0.72245,0.84778,0.31438,0.29745,0.30971,0.33642,0.32608,0.42379,0.29995
0.27445,0.23251,0.26492,0.28195,0.28155,0.23477,0.25842,0.36976,0.36779,0.31146,0.2297,0.2393,0.30603,0.38524,0.30777,0.30689,0.25933,0.28896,0.31286,0.22331,0.25812,0.27053,0.26868,0.28815,0.24973,0.27215,0.24819,0.27545,0.30135,0.24461,0.32338,0.23493,0.28378,0.26481,0.28289,0.28507,0.25384,0.27734,0.95614,0.27167,0.31799,0.75823,0.93264,0.29143,0.24512,0.26409,0.29941,0.2604,0.30029,0.23014
0.27047,0.2088,0.2059,0.24716,0.21729,0.22399,0.23133,0.22845,0.38718,0.25923,0.20093,0.22825,0.20484,0.38634,0.27596,0.29517,0.24132,0.23733,0.27531,0.23914,0.26316,0.2888,0.22606,0.25545,0.19513,0.18442,0.24441,0.21869,0.21691,0.2685,0.22949,0.19599,0.23781,0.25897,0.2365,0.23719,0.20886,0.2194,0.92475,0.20165,0.24192,0.80536,0.88186,0.25187,0.19791,0.25844,0.24733,0.22955,0.31512,0.21606
0.25265,0.24583,0.20881,0.2139,0.2411,0.25943,0.19353,0.23242,0.3846,0.3514,0.18902,0.19478,0.24521,0.25114,0.2595,0.27316,0.19913,0.25299,0.34256,0.16167,0.28402,0.23208,0.25305,0.19904,0.17841,0.26124,0.24469,0.19449,0.26917,0.23563,0.27007,0.23197,0.17929,0.28276,0.22326,0.24984,0.23513,0.21721,0.85066,0.18715,0.25789,0.8051,0.82307,0.22717,0.16156,0.20653,0.19267,0.22284,0.37063,0.16917
0.2943,0.24483,0.28223,0.25901,0.28607,0.1982,0.23886,0.24625,0.35644,0.30774,0.19974,0.22235,0.27003,0.36168,0.24957,0.28527,0.2434,0.27907,0.30546,0.23738,0.28791,0.24842,0.24338,0.28009,0.23498,0.19729,0.24461,0.23391,0.27835,0.23155,0.27722,0.23438,0.24507,0.30909,0.18993,0.26342,0.22405,0.26906,0.90195,0.2363,0.27172,0.77408,0.90833,0.22318,0.23643,0.21152,0.21279,0.24424,0.33056,0.23171
0.3931,0.34001,0.3948,0.34177,0.3464,0.32594,0.33626,0.34864,0.50439,0.49444,0.27577,0.35086,0.39944,0.37893,0.34878,0.41545,0.31852,0.4053,0.50799,0.32889,0.41439,0.35766,0.36486,0.38157,0.28497,0.34073,0.34438,0.31234,0.35025,0.36694,0.36314,0.34227,0.3561,0.34243,0.35519,0.33994,0.32918,0.3502,0.85877,0.33191,0.37309,0.67038,0.80702,0.37492,0.33115,0.33032,0.33793,0.38016,0.49633,0.37196
0.29155,0.2468,0.30052,0.27119,0.27857,0.22301,0.26713,0.29057,0.44174,0.42046,0.23989,0.24382,0.24544,0.30684,0.26744,0.31898,0.25584,0.23916,0.37848,0.24968,0.30843,0.25655,0.2837,0.27178,0.19781,0.28733,0.25641,0.23353,0.27094,0.29224,0.25423,0.23839,0.24521,0.30017,0.27981,0.23157,0.2547,0.22917,0.84283,0.2568,0.25803,0.7803,0.80315,0.25182,0.23537,0.24906,0.23767,0.26837,0.43864,0.24153
0.2437,0.20541,0.23782,0.20624,0.24445,0.1713,0.16685,0.22424,0.27972,0.28896,0.12274,0.19272,0.20776,0.32441,0.17158,0.23455,0.2068,0.19541,0.28932,0.15572,0.20944,0.20854,0.21821,0.21905,0.14713,0.17669,0.24903,0.18582,0.18699,0.16535,0.19003,0.17279,0.21224,0.2058,0.21502,0.22431,0.18273,0.20888,0.88923,0.16193,0.20541,0.81395,0.85115,0.19004,0.16646,0.19833,0.1987,0.18161,0.30092,0.17789
0.32275,0.31076,0.32138,0.30781,0.31179,0.28489,0.28683,0.33552,0.4477,0.39147,0.22808,0.28347,0.32577,0.35422,0.31014,0.35482,0.26106,0.30396,0.39463,0.26964,0.32654,0.30508,0.28877,0.29825,0.24137,0.28825,0.32303,0.30024,0.31534,0.29102,0.34775,0.25103,0.27055,0.33052,0.30517,0.28818,0.28857,0.27911,0.90237,0.2972,0.33061,0.70471,0.87608,0.33368,0.28187,0.31073,0.32216,0.30662,0.36939,0.3006
0.36499,0.29736,0.29071,0.31335,0.3253,0.26726,0.27428,0.32749,0.45631,0.4003,0.28095,0.28634,0.31758,0.37855,0.32439,0.35451,0.28175,0.33189,0.35783,0.24144,0.33316,0.31596,0.27516,0.33364,0.26296,0.29761,0.31499,0.26608,0.30518,0.32802,0.31306,0.26713,0.28884,0.35498,0.30465,0.3591,0.31374,0.29182,0.86621,0.29365,0.31452,0.69236,0.81777,0.27531,0.27767,0.29157,0.32489,0.31626,0.40298,0.27887
0.2966,0.23662,0.27135,0.26836,0.2732,0.24385,0.23356,0.24019,0.35735,0.2901,0.2269,0.23123,0.24152,0.2822,0.28332,0.2914,0.25439,0.27461,0.29016,0.2306,0.29125,0.2676,0.26538,0.29496,0.20082,0.27169,0.25927,0.26256,0.22095,0.294,0.27308,0.22212,0.26443,0.25143,0.16974,0.28047,0.24958,0.25201,0.91301,0.23888,0.33136,0.80452,0.91217,0.25271,0.23703,0.2952,0.25133,0.22033,0.31626,0.24455
0.34549,0.27189,0.33767,0.31629,0.35227,0.30495,0.31331,0.284,0.45361,0.39155,0.24879,0.28599,0.29993,0.38375,0.33621,0.35231,0.28437,0.30081,0.36983,0.28718,0.31973,0.32672,0.29929,0.28369,0.23035,0.32768,0.29345,0.28047,0.30196,0.33785,0.29634,0.24951,0.34703,0.3211,0.30201,0.30713,0.29846,0.30571,0.88649,0.31055,0.35663,0.72321,0.84719,0.34894,0.28427,0.31941,0.3066,0.31955,0.39745,0.28906
0.29856,0.29554,0.31022,0.29529,0.32065,0.25511,0.28893,0.31519,0.35313,0.35211,0.25641,0.2691,0.30012,0.35205,0.29206,0.32004,0.27983,0.259,0.34413,0.28095,0.30686,0.33145,0.2748,0.28777,0.27464,0.29747,0.29541,0.28309,0.28387,0.31333,0.29628,0.30763,0.32579,0.29854,0.31906,0.29303,0.29978,0.28593,0.93647,0.2442,0.30829,0.75514,0.84492,0.27182,0.27149,0.34234,0.27406,0.2847,0.41176,0.28076
0.19712,0.13172,0.17769,0.16164,0.24438,0.15315,0.16034,0.19105,0.45341,0.41966,0.16929,0.14302,0.16712,0.24941,0.15882,0.20198,0.14556,0.16502,0.35433,0.14726,0.20061,0.18925,0.18486,0.16584,0.11239,0.16317,0.16941,0.14024,0.20432,0.16101,0.23641,0.1271,0.13585,0.16497,0.16259,0.13866,0.14356,0.16127,0.70404,0.14758,0.17263,0.8709,0.72145,0.14262,0.13137,0.17369,0.15422,0.16563,0.36475,0.14214
0.33882,0.29232,0.32944,0.3252,0.26846,0.25694,0.28643,0.30317,0.43337,0.37295,0.25811,0.28051,0.30908,0.37778,0.2927,0.30792,0.29536,0.30447,0.36068,0.27236,0.34034,0.33497,0.28219,0.28673,0.27981,0.30877,0.32978,0.26827,0.30864,0.29913,0.30643,0.28084,0.31895,0.28191,0.33541,0.32601,0.31626,0.30611,0.88622,0.30641,0.30581,0.73857,0.88887,0.28354,0.29787,0.32188,0.28646,0.29645,0.38552,0.26609
0.48117,0.44816,0.45806,0.4523,0.4224,0.36194,0.4351,0.41127,0.50557,0.48428,0.40112,0.44225,0.45594,0.50392,0.46745,0.47629,0.43011,0.47291,0.47929,0.41861,0.4595,0.46295,0.42939,0.47793,0.40042,0.41272,0.45846,0.40626,0.44385,0.44747,0.46791,0.41192,0.45535,0.48347,0.41271,0.48329,0.43582,0.4391,0.92852,0.4043,0.41757,0.5795,0.89398,0.44899,0.39785,0.47996,0.45623,0.40858,0.53959,0.44203
0.27498,0.20394,0.2392,0.26846,0.24112,0.22746,0.24637,0.24519,0.35727,0.31437,0.2024,0.24234,0.23785,0.37826,0.29379,0.30774,0.26257,0.25985,0.28776,0.21719,0.29772,0.269,0.25009,0.26615,0.2244,0.20864,0.22556,0.223,0.25596,0.27289,0.2419,0.24566,0.27563,0.24802,0.22457,0.2741,0.23544,0.2142,0.93428,0.21055,0.29786,0.77247,0.8962,0.21042,0.19519,0.24768,0.26792,0.27957,0.3184,0.21135
0.38167,0.3303,0.36067,0.36481,0.34074,0.34459,0.34555,0.39784,0.42177,0.39046,0.30931,0.34357,0.31457,0.46658,0.31726,0.36266,0.35708,0.39704,0.36176,0.34652,0.35339,0.35618,0.31084,0.36776,0.29497,0.34023,0.34701,0.30257,0.32053,0.36086,0.30736,0.33522,0.38615,0.33049,0.36361,0.32858,0.33819,0.33983,0.93325,0.3138,0.35705,0.68362,0.90465,0.34914,0.27671,0.33155,0.34546,0.36741,0.38366,0.37366
0.42496,0.39475,0.43143,0.43154,0.3793,0.39692,0.4159,0.39497,0.50011,0.45517,0.38261,0.39131,0.40641,0.49802,0.4232,0.41258,0.39184,0.39613,0.45399,0.35226,0.45738,0.42314,0.39367,0.42348,0.36506,0.3958,0.41192,0.39087,0.41935,0.43692,0.39956,0.39068,0.43678,0.43348,0.41177,0.43831,0.3796,0.40538,0.93756,0.39067,0.42261,0.61783,0.91972,0.39164,0.3614,0.44361,0.40288,0.41113,0.44938,0.38877
0.28518,0.26247,0.35194,0.31656,0.27808,0.24905,0.2627,0.25354,0.35573,0.33759,0.24355,0.23914,0.28528,0.38493,0.26557,0.33253,0.25734,0.27384,0.32367,0.22793,0.28125,0.28584,0.30557,0.3055,0.21597,0.21878,0.25717,0.22605,0.25732,0.27622,0.27223,0.23748,0.30511,0.29224,0.21998,0.29847,0.24652,0.26532,0.91021,0.23395,0.26016,0.74353,0.88526,0.25776,0.21762,0.22433,0.25087,0.28037,0.32925,0.22627
0.26386,0.25632,0.27725,0.27344,0.28848,0.21455,0.26,0.2508,0.45026,0.38238,0.21741,0.24268,0.26202,0.29404,0.27459,0.27369,0.24734,0.28187,0.37909,0.23423,0.30237,0.34633,0.25289,0.23678,0.24709,0.24414,0.26763,0.22515,0.23658,0.28343,0.24231,0.25148,0.28162,0.28311,0.29597,0.27859,0.25533,0.25796,0.86737,0.23218,0.30212,0.77503,0.84184,0.23796,0.23919,0.25865,0.26369,0.2763,0.38697,0.2394
0.41825,0.37911,0.41143,0.40403,0.41014,0.35703,0.34983,0.39356,0.46081,0.39605,0.34871,0.38779,0.34108,0.43089,0.3814,0.42038,0.35588,0.43059,0.40246,0.34837,0.43312,0.37329,0.35335,0.36758,0.30498,0.35964,0.35723,0.35973,0.3799,0.40475,0.3609,0.34012,0.39596,0.42329,0.33569,0.38423,0.38898,0.38807,0.95488,0.36433,0.40206,0.64816,0.94855,0.40615,0.37811,0.35551,0.37169,0.40401,0.39958,0.39926
0.22906,0.20911,0.17928,0.18578,0.25436,0.14105,0.16906,0.15428,0.24936,0.21645,0.14697,0.19656,0.17644,0.25244,0.17856,0.16988,0.20808,0.18989,0.235,0.20593,0.20325,0.16422,0.14034,0.1774,0.15097,0.15496,0.15874,0.19533,0.20556,0.23013,0.22436,0.1356,0.19727,0.22345,0.17125,0.1944,0.17353,0.19228,0.96868,0.18655,0.18273,0.82243,0.94967,0.17699,0.1379,0.15729,0.18839,0.20231,0.18808,0.18839
0.26899,0.21207,0.24802,0.20377,0.20681,0.28495,0.22043,0.26188,0.29366,0.27557,0.19467,0.19198,0.21999,0.30047,0.235,0.27648,0.23404,0.24731,0.26275,0.20178,0.2073,0.22968,0.14884,0.20996,0.1746,0.2429,0.19588,0.20068,0.23724,0.21522,0.18499,0.17081,0.24452,0.2212,0.26667,0.18552,0.2269,0.1849,0.92886,0.20787,0.28622,0.80514,0.85876,0.19136,0.16989,0.20638,0.2375,0.15806,0.28035,0.18978
0.2911,0.2297,0.23763,0.26385,0.26365,0.1673,0.2134,0.26246,0.43103,0.41781,0.17563,0.22794,0.24391,0.3005,0.25377,0.25485,0.24274,0.28195,0.36019,0.22087,0.29514,0.27688,0.22182,0.27444,0.20841,0.23724,0.25064,0.17516,0.2751,0.25521,0.27293,0.24771,0.22333,0.23286,0.23778,0.26028,0.22852,0.25402,0.80277,0.23487,0.31426,0.79248,0.79774,0.24586,0.19953,0.25186,0.21042,0.2203,0.40993,0.22578
0.25946,0.23701,0.25016,0.22879,0.23223,0.16247,0.24442,0.22014,0.34832,0.29088,0.21552,0.22598,0.25336,0.2544,0.21335,0.22537,0.18657,0.2451,0.26685,0.22288,0.25489,0.21565,0.20862,0.23285,0.21655,0.19406,0.2316,0.19444,0.19811,0.20398,0.25979,0.21084,0.28338,0.23476,0.26735,0.24855,0.19213,0.22247,0.8853,0.22192,0.26255,0.78408,0.87229,0.20779,0.19524,0.21361,0.2193,0.25176,0.28984,0.18208
0.29255,0.30643,0.31428,0.28957,0.2565,0.23466,0.28265,0.27207,0.34172,0.32833,0.21343,0.26761,0.25802,0.34676,0.26299,0.315,0.26934,0.32798,0.35221,0.27277,0.28697,0.30988,0.24831,0.24853,0.2511,0.2689,0.25877,0.26347,0.2792,0.3413,0.26877,0.26545,0.27006,0.34733,0.22917,0.29021,0.28049,0.26151,0.93684,0.2876,0.28673,0.73787,0.89725,0.24721,0.26396,0.28171,0.28375,0.24162,0.33903,0.27937
