1.5036
1.5373
1.6292
1.3006
1.576
1.9308
1.5683
1.5124
1.5033
1.2874
1.7181
1.4655
1.4997
1.4481
1.4632
1.4989
1.4895
1.6423
1.587
1.4402
1.43
1.6155
1.3406
1.6346
1.6798
1.4599
1.6556
1.4835
1.5627
1.4138
1.6874
1.5011
1.5558
1.6409
1.3944
1.5957
1.4332
1.4196
1.593
1.4051
1.613
1.5566
1.569
1.4797
1.4958
1.5537
1.698
1.5865
1.5535
1.6003
1.5466
1.4326
1.631
1.7004
1.4842
1.5258
1.4444
1.5406
1.5681
1.5022
1.6796
1.5255
1.5894
1.4874
1.389
1.7041
1.7043
1.4888
1.2802
1.373
1.3894
1.5557
1.446
1.6154
1.4398
1.6405
1.4396
1.5676
1.7634
1.4306
1.3744
1.6352
1.791
1.2066
1.6411
1.5951
1.4156
1.5888
1.2754
1.4883
1.6185
1.6574
1.3416
1.6103
1.3275
1.5911
1.5018
1.2955
1.3492
1.4275
1.7442
1.2707
1.7711
1.5802
1.2913
1.5453
1.5434
1.4145
1.67
1.5518
1.4196
1.5887
1.3113
1.6253
1.4737
1.4875
1.5432
1.7071
1.4172
1.6297
1.5309
1.6536
1.6424
1.4427
1.3477
1.5489
1.7077
1.5052
1.4601
1.518
1.5082
1.6265
1.5146
1.7286
1.5247
1.6038
1.6469
1.5522
1.4909
1.4822
1.5158
1.444
1.4337
1.6628
1.6046
1.5196
1.5387
1.4773
1.6246
1.3955
1.3318
1.6761
1.5992
1.6335
1.6046
1.6497
1.775
1.7692
1.4148
1.5825
1.3803
1.4382
1.6014
1.5617
1.7163
1.3346
1.6534
1.7647
1.2996
1.6204
1.5337
1.5793
1.6913
1.6101
1.4209
1.6757
1.4621
1.6096
1.5325
1.6076
1.686
1.7118
1.4825
1.266
1.465
1.5957
1.8325
1.4796
1.5571
1.5125
1.6371
1.4998
1.5412
1.6473
1.4378
1.586
1.5754
1.615
1.432
1.6142
